# time
0.0491959750
0.0770521751
0.0837687536
0.1425962149
0.1720691977
0.2010388673
0.2345856573
0.2698514847
0.2994529056
0.3334854605
0.3467280360
0.4081463638
0.4307438415
0.4526689848
0.4947317479
0.5403810252
0.5513164309
0.5837669600
0.6131720292
0.6664577573
0.6772123868
0.7197814678
0.7599554122
0.8030834068
0.8110056979
0.8492841656
0.8784428767
0.9346183101
0.9521380649
0.9788452892
1.0169743381
1.0564838969
1.0821599385
1.1268343136
1.1686126469
1.1723631251
1.2167960954
1.2529376598
1.2892517932
1.3279577639
1.3664068481
1.3915438609
1.4347508011
1.4370451845
1.4737568752
1.5062734523
1.5360718438
1.5880296656
1.6033142090
1.6437674450
1.6717772560
1.7235212316
1.7393171557
1.7686103215
1.8102434723
1.8557474574
1.8647861396
1.9282609288
1.9623463053
1.9918098379
2.0011223496
2.0386631844
2.0815962945
2.1216011641
2.1562392074
2.1782919275
2.1957252431
2.2302056631
2.2870474166
2.3064325460
2.3422263387
2.3764355761
2.4189245606
2.4496260654
2.4696973725
2.5029880364
2.5404338395
2.5607917123
2.6141031790
2.6467636980
2.6748210165
2.6990650789
2.7509691430
2.7838621695
2.8192379085
2.8455812016
2.8811623066
2.9196192575
2.9435368809
2.9678127846
3.0116911724
3.0279353493
3.0829772974
3.0926738288
3.1477286239
3.1672519411
3.1971396988
3.2490228523
3.2504832849
3.3057870769
3.3381261073
3.3536473492
3.3903611577
3.4432714373
3.4718049459
3.4856668102
3.5182525037
3.5652886849
3.6026162093
3.6249889765
3.6633581859
3.6838147884
3.7188137087
3.7574190287
3.7884358823
3.8383697999
3.8742338158
3.9019704091
3.9402449498
3.9560053712
4.0028272460
4.0151511514
4.0657127048
4.1036019905
4.1096638509
4.1646854061
4.2045877401
4.2118705561
4.2418777828
4.2904963934
4.3157640276
4.3668184354
4.3916268146
4.4127524712
4.4583928108
4.4999354291
4.5338931977
4.5501260687
4.5792775986
4.6288312845
4.6430347069
4.6780903008
4.7209110129
4.7615276190
4.7718161443
4.8041010397
4.8407959962
4.8906356127
4.9082369675
4.9602377082
4.9674572466
5.0181874473
5.0340720335
5.0821854355
5.1013537834
5.1402751508
5.1961249224
5.1998894380
5.2621853990
5.2720363841
5.3156387124
5.3291364648
5.3678473312
5.4249276360
5.4293696673
5.4644837814
5.5199159087
5.5532400222
5.5853039745
5.5922663585
5.6533174056
5.6774335768
5.7021427840
5.7529823297
5.7788769054
5.8083631748
5.8497146512
5.8594237513
5.9179353888
5.9461829788
5.9768485722
5.9946146589
6.0526863411
6.0850198013
6.0945632033
6.1463641670
6.1550268377
6.1916550758
6.2478604987
6.2664512316
6.3140808439
6.3489299910
6.3565028596
6.3900151380
6.4273726958
6.4562594819
6.4856169708
6.5354227002
6.5494556322
6.5879434466
6.6398581641
6.6680723442
6.6844603037
6.7355462726
6.7665455184
6.7974454607
6.8257532116
6.8597771790
6.9118884272
6.9306888184
6.9718528718
6.9959828650
7.0284538837
7.0447674096
7.1052308690
7.1160473259
7.1451054459
7.2071848539
7.2287351126
7.2734250637
7.2991873655
7.3139290250
7.3440878501
7.3909488045
7.4072637034
7.4585886714
7.4950807244
7.5325522101
7.5553658512
7.5955007566
7.6200667462
7.6449506801
7.6807242739
7.7195050117
7.7550644028
7.7734767322
7.8222922925
7.8683527959
7.8851436628
7.9146734556
7.9660921279
7.9850156303
8.0219647978
8.0475205564
8.0683749920
8.1086131330
8.1387440039
8.1757343056
8.2286487139
8.2637405455
8.2721380018
8.3154212821
8.3495719048
8.3743704948
8.4076804502
8.4355627491
8.4792750134
8.5262278639
8.5495916889
8.5867159415
8.6127329537
8.6354820726
8.6646847244
8.6981633023
8.7266800582
8.7611891485
8.8101733513
8.8366540413
8.8785956234
8.9207928326
8.9407569194
8.9716384704
9.0049655490
9.0534320841
9.0741213570
9.1075998602
9.1512458709
9.1683185320
9.1898792409
9.2396686308
9.2837341546
9.2975232781
9.3437236905
9.3853427777
9.3867708310
9.4299156728
9.4590751074
9.4878439341
9.5248878569
9.5564633709
9.6105116914
9.6279508026
9.6703440982
9.6999441445
9.7464539681
9.7626447865
9.7970416476
9.8461185615
9.8762156259
9.8946769011
9.9337227539
9.9582227823
10.0033264695
10.0338260972
10.0675431725
10.0994936275
10.1260713357
10.1657398420
10.1898313344
10.2206534837
10.2700778036
10.3089501196
10.3160132203
10.3654606953
10.3765821914
10.4324034473
10.4681555050
10.5038566838
10.5316024343
10.5490113713
10.6050073850
10.6116296164
10.6718517130
10.6991067822
10.7341624490
10.7478665003
10.8033034851
10.8209256779
10.8573482822
10.8718192217
10.9079092387
10.9393667820
10.9824531398
11.0223443851
11.0676544435
11.0789502585
11.1272334188
11.1505770031
11.1783751900
11.2067405568
11.2407643755
11.2929721334
11.3018697346
11.3406388504
11.3874654424
11.4259511119
11.4429042195
11.4967060231
11.5275376407
11.5382150308
11.5721391964
11.6165490155
11.6415765505
11.6952328209
11.7068722869
11.7429892440
11.7911678956
11.8194397952
11.8584038267
11.8855290339
11.9145497455
11.9353285276
11.9654586682
11.9940438049
12.0553040155
12.0761414068
12.1026278003
12.1301639082
12.1897120702
12.1971706912
12.2279808452
12.2727430463
12.2982080312
12.3351611395
12.3733588112
12.4123144694
12.4526408356
12.4865593826
12.4972348164
12.5498938677
12.5738691256
12.6033475008
12.6210970640
12.6744680148
12.6889845310
12.7508860253
12.7588874882
12.8053864705
12.8488544357
12.8695541386
12.9120547346
12.9206876579
12.9599636142
12.9936460346
13.0438810329
13.0650691802
13.1114999517
13.1393728634
13.1493979832
13.1924280477
13.2243776584
13.2618906230
13.2837230443
13.3306533022
13.3563351385
13.4077440530
13.4201823119
13.4662405173
13.4909177550
13.5429630401
13.5453451349
13.5766363850
13.6304550438
13.6490632462
13.7017927866
13.7179990281
13.7587103615
13.7941153600
13.8285319924
13.8595393153
13.9044965880
13.9130804481
13.9435403632
13.9787939513
14.0114501042
14.0387877421
14.1027364007
14.1046906284
14.1677031556
14.2019943027
14.2313951845
14.2575641918
14.2783906264
14.3312178776
14.3533639531
14.3903894881
14.4320250701
14.4535840341
14.4945630968
14.5225214604
14.5467368555
14.5791667567
14.6151932940
14.6569512070
14.6747075000
14.7070916418
14.7441690069
14.7776443664
14.8128741904
14.8334288583
14.8809970691
14.9148014267
14.9407882651
14.9944500644
15.0262455427
15.0302855811
15.0677663731
15.1180549010
15.1272571390
15.1602392190
15.1970221698
15.2553025541
15.2766765032
15.3065903929
15.3324447630
15.3861337295
15.3993865631
15.4263827163
15.4728030536
15.4955698342
15.5535873972
15.5673952795
15.5959195373
15.6454563267
15.6737591693
15.6951852282
15.7525666850
15.7652030655
15.7940742481
15.8450192836
15.8713394585
15.8996984679
15.9499361440
15.9615696456
16.0169526193
16.0461898319
16.0766695503
16.0854560803
16.1301740319
16.1745129860
16.2040346156
16.2238018961
16.2664282599
16.2821741670
16.3304675828
16.3645018447
16.3859763536
16.4241104002
16.4617995645
16.4844343633
16.5420093223
16.5720005510
16.5943414907
16.6238320056
16.6658117806
16.6844159165
16.7257866602
16.7548055525
16.8074596954
16.8422950815
16.8717718595
16.8860187517
16.9254036943
16.9734865980
16.9805878278
17.0196474911
17.0618333801
17.1036023965
17.1098100507
17.1666174168
17.1765786332
17.2201125025
17.2600267115
17.3003755419
17.3294162080
17.3550516344
17.3804008489
17.4337708707
17.4566851347
17.4755566039
17.5043482332
17.5536553327
17.6005846632
17.6270955810
17.6365526439
17.6830854820
17.7260887795
17.7610745585
17.7687904286
17.8058311620
17.8599557419
17.8774103145
17.9005725750
17.9358697530
17.9965632281
17.9977421841
18.0362653974
18.0849858831
18.1078993445
18.1618839383
18.1704933421
18.2154610282
18.2538303066
18.2842874248
18.3164833883
18.3347706309
18.3908336377
18.4141902543
18.4534179430
18.4712354907
18.5022875624
18.5337574646
18.5774734487
18.5915467006
18.6398862937
18.6706786407
18.6947911008
18.7284353981
18.7891989938
18.8148837082
18.8367508905
18.8564178046
18.9004764193
18.9422005622
18.9785755159
19.0129217350
19.0439554219
19.0775139964
19.1014103055
19.1497165332
19.1625487960
19.1975152102
19.2333086575
19.2552642354
19.2891227046
19.3373506735
19.3586239533
19.3937374747
19.4188123720
19.4710796486
19.4911769157
19.5380919253
19.5675305492
19.5980848638
19.6197954226
19.6706934200
19.6832037719
19.7165408401
19.7628656229
19.8064147701
19.8375544823
19.8530123215
19.9053812224
19.9268829321
19.9598656383
20.0001616502
20.0122469478
20.0737020728
20.0958928725
20.1334743800
20.1682434155
20.1947582004
20.2267023503
20.2729860699
20.3054637464
20.3078772303
20.3591885802
20.3936455558
20.4063757573
20.4399273387
20.4851489942
20.5292080855
20.5503453686
20.5996070771
20.6204935178
20.6553823240
20.6968268492
20.7257981799
20.7492184126
20.7925767368
20.8027745988
20.8647563749
20.8859138310
20.9183538048
20.9452640364
20.9750778099
21.0012106874
21.0377310670
21.0773647815
21.1104420656
21.1390396101
21.1961824304
21.2114377923
21.2390709658
21.2767312730
21.3137018109
21.3529379122
21.3745172657
21.3995700346
21.4373193633
21.4751919097
21.5045940699
21.5600661064
21.5844046528
21.6016798501
21.6346723580
21.6806017115
21.6999338250
21.7413304694
21.7598728575
21.8237499407
21.8290885843
21.8801400059
21.9062659973
21.9558319750
21.9761509694
21.9920301735
22.0554810237
22.0569238646
22.0924738636
22.1446498585
22.1861009482
22.1941953869
22.2509404110
22.2726249170
22.3031342061
22.3420556095
22.3605634895
22.4166194388
22.4420096196
22.4534338537
22.4874412585
22.5293355387
22.5704966821
22.5922366443
22.6491970815
22.6651052034
22.6959038359
22.7309143993
22.7575683639
22.7879450293
22.8260222998
22.8522589086
22.8949613735
22.9370256484
22.9519273790
22.9804423792
23.0402146935
23.0778116925
23.0939693784
23.1176920505
23.1662619509
23.1847373521
23.2150578483
23.2705390390
23.2930761653
23.3259660861
23.3524071519
23.3857251772
23.4115347102
23.4417592502
23.4812922769
23.5081679493
23.5721983979
23.5782081266
23.6374390639
23.6627314420
23.7018618911
23.7158975234
23.7461122395
23.7935426455
23.8296948233
23.8570731989
23.8807265404
23.9088889935
23.9414186938
23.9782261946
24.0319382572
24.0498194432
24.0834761006
24.1293324174
24.1607485729
24.1679940515
24.2201166261
24.2540357325
24.2891331480
24.3206340442
24.3387727114
24.3705010321
24.4099769040
24.4638598304
24.4962592204
24.5128931573
24.5387232321
24.5941724629
24.6071748936
24.6343807246
24.6864949247
24.7041194190
24.7500481300
24.7803900777
24.8194702168
24.8339220208
24.8785195292
24.9246967524
24.9417290659
24.9803957757
25.0097066938
25.0251809929
25.0702049690
25.1228946799
25.1423071895
25.1771270019
25.2064980254
25.2254031857
25.2797977414
25.2961951259
25.3421784023
25.3609705658
25.4015800298
25.4224371065
25.4828336991
25.4909371178
25.5492279170
25.5829272539
25.5884452755
25.6345887097
25.6569003541
25.7140397179
25.7482352217
25.7538547927
25.8042231314
25.8332924776
25.8552552884
25.8875333787
25.9289888648
25.9625692474
26.0096119694
26.0206415077
26.0752737370
26.1027433257
26.1353667221
26.1789728967
26.1808426986
26.2272856644
26.2621104439
26.2884467450
26.3226078302
26.3758408220
26.3947597158
26.4350656542
26.4765227983
26.4847495491
26.5276908364
26.5580284245
26.5827435984
26.6292639744
26.6577360290
26.6877801987
26.7092543331
26.7599488687
26.7930931511
26.8285862713
26.8422229982
26.8777794128
26.9195107895
26.9385764390
26.9980572957
27.0360680028
27.0468110867
27.0748345913
27.1170007966
27.1509778960
27.1766318755
27.2065877570
27.2492196933
27.2976077327
27.3018293750
27.3444408783
27.3867580037
27.4309114948
27.4380146284
27.4964901298
27.5137721795
27.5559697583
27.5910628454
27.6235571699
27.6609574350
27.6731678879
27.7258505446
27.7378342756
27.7665135029
27.8180688928
27.8564343577
27.8733047365
27.9074092343
27.9343972545
27.9631270179
28.0003881794
28.0287192209
28.0833440133
28.1234461100
28.1458911150
28.1807147387
28.1991181003
28.2479120174
28.2608336930
28.3054081115
28.3297477641
28.3820591581
28.4051666922
28.4247673285
28.4734231375
28.5209487829
28.5300324789
28.5696630280
28.6194222929
28.6396553809
28.6579118661
28.7008223218
28.7469365631
28.7654460295
28.8032207696
28.8483974303
28.8609721672
28.8962863127
28.9426412338
28.9675273473
29.0093390281
29.0205989627
29.0715592021
29.1073173245
29.1413155802
29.1585943906
29.1914644245
29.2319407980
29.2708628329
29.3113882917
29.3156381509
29.3708023679
29.3846680272
29.4340681239
29.4695638715
29.5022219751
29.5396895254
29.5562685855
29.6003955894
29.6314090155
29.6583970739
29.7072800544
29.7118437631
29.7735458022
29.8022654998
29.8287217850
29.8648616948
29.8901090493
29.9348763202
29.9721393184
30.0059522858
30.0383323296
30.0617209239
30.0795443923
30.1307131614
30.1648394017
30.1746001404
30.2086396344
30.2462842827
30.2992588827
30.3063800140
30.3421379510
30.3794560059
30.4052456625
30.4609424224
30.4769283652
30.5287782528
30.5404069363
30.5753717122
30.6124613555
30.6605738646
30.6876661859
30.7252477629
30.7651448693
30.7960588585
30.8204766946
30.8612326749
30.8779409204
30.9156875249
30.9447303319
30.9666546927
31.0245365353
31.0298568594
31.0915345210
31.1096070879
31.1519737234
31.1690699417
31.2174155718
31.2583489435
31.2661155316
31.3239928706
31.3467153542
31.3902742203
31.4048910152
31.4345060601
31.4665291048
31.4940408731
31.5554614888
31.5847927221
31.6182111165
31.6242292523
31.6707829785
31.6916935339
31.7446813096
31.7601807428
31.8137432362
31.8264138528
31.8763251695
31.8982719125
31.9512306016
31.9534732182
32.0044584771
32.0466574134
32.0553253098
32.0887554102
32.1384698909
32.1697676649
32.1991842087
32.2286568258
32.2720595841
32.3131739669
32.3343645214
32.3594225612
32.3906448899
32.4256111649
32.4497694442
32.5103722431
32.5217967340
32.5752710400
32.5924303069
32.6419625125
32.6678506677
32.6881782919
32.7128177099
32.7483803875
32.8035865087
32.8320114013
32.8554962507
32.8920968166
32.9288813908
32.9744126870
32.9837782613
33.0174332012
33.0447930779
33.0773394122
33.1290806531
33.1569365493
33.2012747872
33.2147253913
33.2543038948
33.2973775232
33.3097519280
33.3612219575
33.3989231209
33.4329907786
33.4566862425
33.4849093111
33.5157986499
33.5681186085
33.5941330426
33.6247859269
33.6363442118
33.6745248549
33.7067567312
33.7561320128
33.7758442645
33.8274844857
33.8343172565
33.8966812505
33.9103355062
33.9397174563
33.9828338824
34.0315411827
34.0453577417
34.0743068838
34.1092928042
34.1577743075
34.1964266095
34.2022520644
34.2309788293
34.2767402454
34.3142616147
34.3339744629
34.3652338634
34.4079955052
34.4426568196
34.4761195153
34.5179972138
34.5555937562
34.5670438739
34.6074789879
34.6318597250
34.6665478317
34.7174604388
34.7363055011
34.7724809685
34.8016176857
34.8530704959
34.8840683434
34.8920301980
34.9450790939
34.9673941269
35.0201698211
35.0435336268
35.0706078336
35.1110896340
35.1224839735
35.1750340505
35.1880562990
35.2252608380
35.2661802978
35.2930400840
35.3212239753
35.3624790394
35.4083513246
35.4302093770
35.4684531027
35.4983072267
35.5191105726
35.5608490608
35.5837962150
35.6190693813
35.6705407444
35.7001143086
35.7261589969
35.7770537162
35.8069359941
35.8136722146
35.8505971952
35.9008654478
35.9328951292
35.9653011380
36.0075403190
36.0362220892
36.0638456402
36.0779875956
36.1184294174
36.1744747853
36.2039737884
36.2302706126
36.2619478779
36.2936410606
36.3246840381
36.3594839821
36.4058006672
36.4226125962
36.4622154612
36.4761097052
36.5239135035
36.5536337735
36.5750851174
36.6302396735
36.6600580510
36.7005881900
36.7105448205
36.7512554916
36.8022453724
36.8289111617
36.8602135462
36.8907411805
36.9181322559
36.9464152355
36.9979325550
37.0046418743
37.0499677057
37.0689706925
37.1270780074
37.1644404489
37.1896515045
37.2206840708
37.2439826206
37.2695930750
37.3047846645
37.3547290689
37.3741690799
37.3974693764
37.4389953981
37.4923055982
37.5157712405
37.5583510778
37.5832215534
37.6013632025
37.6487191312
37.6796162898
37.7124039928
37.7541726279
37.7797536611
37.8174608332
37.8494189653
37.8608394362
37.9126593640
37.9353572652
37.9870972375
37.9964766897
38.0551243974
38.0795883546
38.1097846856
38.1524733726
38.1761760940
38.1894947372
38.2451274864
38.2831001180
38.2974449983
38.3430629937
38.3573821198
38.4195314303
38.4437571592
38.4661458087
38.5050981639
38.5452538487
38.5522856508
38.5922478321
38.6434487955
38.6589797451
38.6856097199
38.7342925682
38.7576638552
38.7848514333
38.8399266940
38.8639407560
38.9088853267
38.9243669262
38.9640655897
38.9826053666
39.0227538184
39.0469436039
39.0864176084
39.1275037094
39.1653412486
39.2037101493
39.2426016490
39.2562641546
39.2913099428
39.3363321871
39.3718253966
39.3835227660
39.4274303401
39.4443267651
39.4891129035
39.5233292609
39.5740789714
39.5770517001
39.6264970082
39.6486425676
39.6831622257
39.7321159046
39.7433486861
39.7794415541
39.8344929192
39.8659577603
39.9021917021
39.9151771791
39.9513891502
39.9753613036
40.0337811356
40.0433398279
40.0916956197
40.1213256669
40.1671368250
40.1791642449
40.2107735653
40.2370607665
40.2828263622
40.3032753707
40.3588044543
40.3958309176
40.4149343282
40.4600194949
40.4781841591
40.5250089508
40.5376027590
40.5929894976
40.6207489861
40.6527046958
40.6790856987
40.7088962180
40.7567681841
40.7735665167
40.8073153404
40.8475971074
40.8759609604
40.9180945642
40.9278209231
40.9835384041
41.0140456304
41.0426922565
41.0712415315
41.1055846814
41.1436588801
41.1880887420
41.1926922670
41.2466624292
41.2704703080
41.2918039233
41.3444774996
41.3765427406
41.4105145859
41.4550746496
41.4854808670
41.5173651337
41.5212721406
41.5585172724
41.5948739069
41.6263232123
41.6746783593
41.6882364160
41.7423972422
41.7584533313
41.8035265013
41.8471527704
41.8702442730
41.9160308822
41.9452535121
41.9538620109
41.9960725526
42.0238108355
42.0617441549
42.1024621714
42.1476202370
42.1574664608
42.1927869972
42.2152809288
42.2582771144
42.2957674694
42.3131161792
42.3766349104
42.4028461837
42.4225945999
42.4756597004
42.5097182059
42.5431688763
42.5741486357
42.6032357905
42.6208860424
42.6451930674
42.6824471797
42.7206226924
42.7518629847
42.8056981352
42.8102467456
42.8419171579
42.8935911807
42.9230507329
42.9683253925
42.9761040703
43.0116359475
43.0579609072
43.1012210313
43.1344914025
43.1577314946
43.1962134407
43.2195390904
43.2676566421
43.2850693904
43.3043102267
43.3593675072
43.3855691881
43.4343503982
43.4428441270
43.4907740785
43.5012551497
43.5401375777
43.5696496203
43.6089062144
43.6478685317
43.6691398202
43.7039776576
43.7601673300
43.7797785392
43.8063670387
43.8603978038
43.8764570048
43.9279064505
43.9331425950
43.9669501009
44.0160770892
44.0505241028
44.0758468618
44.0999440301
44.1432861686
44.1881382431
44.2074576614
44.2456750673
44.2683127911
44.3237396263
44.3260203261
44.3885010444
44.4048462169
44.4305924256
44.4852678337
44.4982503467
44.5445517843
44.5719558883
44.5903019166
44.6360031878
44.6793954627
44.6964230131
44.7385116517
44.7859799912
44.8158388473
44.8498208051
44.8864458791
44.8988735751
44.9245251384
44.9685793878
45.0057662419
45.0308499654
45.0759675794
45.0921322182
45.1322122263
45.1682137922
45.2125896253
45.2471383832
45.2639472826
45.2902486250
45.3325095180
45.3559684706
45.3820056011
45.4231013309
45.4550814388
45.5089448369
45.5243882483
45.5652153347
45.6029866556
45.6287276810
45.6534844846
45.6905876733
45.7187082092
45.7532504710
45.7864253548
45.8334795303
45.8664939827
45.9048480778
45.9224816507
45.9506034528
45.9973814112
46.0254929116
46.0549020895
46.1026389649
46.1240861719
46.1626743104
46.1937741674
46.2108877597
46.2460723374
46.2772746985
46.3181843317
46.3463037005
46.3822010062
46.4349700706
46.4630638207
46.4725339095
46.5183054292
46.5605535823
46.5945226063
46.6262040317
46.6535206430
46.6713381831
46.7134261647
46.7546756513
46.7962145281
46.8308638318
46.8652777664
46.8794597583
46.9177877888
46.9534295043
46.9972809798
47.0241608275
47.0638022209
47.0738927566
47.1256529725
47.1370412496
47.1844062170
47.2041408744
47.2492453254
47.2886576521
47.3018173075
47.3313540588
47.3878203490
47.3965146406
47.4270863962
47.4667884640
47.5088301148
47.5412199730
47.5874764610
47.5967681812
47.6498177701
47.6625330832
47.6931236368
47.7473238077
47.7603437199
47.8125292077
47.8483348429
47.8851249339
47.8919786695
47.9401521360
47.9724710372
48.0073122386
48.0537626638
48.0732754648
48.1142100190
48.1273392859
48.1534036909
48.1871219862
48.2253936028
48.2826527443
48.3109425661
48.3312953660
48.3759804982
48.3965088473
48.4361403098
48.4508401685
48.4877370979
48.5363874340
48.5488266603
48.5979985031
48.6257305072
48.6744613058
48.6842781972
48.7389341446
48.7725384249
48.7833633064
48.8414683579
48.8490142093
48.8964454147
48.9164571427
48.9634317056
48.9940946283
49.0295646402
49.0443947543
49.0769497202
49.1356066601
49.1616953236
49.1865615559
49.2338668828
49.2467800537
49.2982073124
49.3211850308
49.3565529431
49.3994351540
49.4318605617
49.4712408063
49.4749892448
49.5353787401
49.5551639920
49.5850261313
49.6332788340
49.6461155842
49.6883543490
49.7145362537
49.7548969595
49.7967945408
49.8271611137
49.8526116373
49.9012085039
49.9217496111
49.9373758866
49.9832698867
50.0236186881
50.0406118280
50.0889189771
50.1035345120
50.1439113314
50.1782960154
50.2234864695
50.2370216848
50.2957801421
50.3147390639
50.3369484031
50.3770234266
50.4009550573
50.4470502174
50.4709955467
50.5159188712
50.5465657310
50.5712986418
50.6071391043
50.6276751032
50.6671125251
50.7198602909
50.7433296107
50.7740607132
50.8244281702
50.8549273278
50.8763073602
50.8934234213
50.9274369257
50.9587635455
50.9929658597
51.0371887808
51.0889706720
51.1013118288
51.1382251326
51.1637298119
51.1957819806
51.2498764234
51.2543700769
51.3184186225
51.3364540108
51.3767431947
51.4083450000
51.4289556835
51.4691376374
51.5070738838
51.5292165815
51.5642797046
51.5857947844
51.6401387968
51.6665646415
51.7002557218
51.7296385740
51.7645820322
51.7961165114
51.8433742731
51.8508276408
51.9087213456
51.9424080456
51.9774224548
52.0072678750
52.0283559035
52.0543617821
52.0970070845
52.1246163852
52.1458082104
52.2031357508
52.2156521765
52.2680898681
52.3023649391
52.3101581497
52.3543622522
52.3988733174
52.4106621781
52.4510188520
52.4772588612
52.5305696191
52.5548537262
52.5976659905
52.6116669115
52.6535661059
52.6872093601
52.7134167996
52.7600662728
52.7916277192
52.8269476247
52.8659859653
52.8970861814
52.9119223401
52.9420302953
52.9961642137
53.0231148587
53.0486699855
53.0817403073
53.1071310838
53.1437999781
53.1757951413
53.2253736499
53.2377773415
53.2784539697
53.3054852664
53.3376009955
53.3743467322
53.4210663450
53.4359542523
53.4761428227
53.5088079348
53.5527438845
53.5786293518
53.5978246085
53.6533266231
53.6663889989
53.7126912339
53.7584941602
53.7676762796
53.7957049017
53.8405137187
53.8708722139
53.9184807935
53.9373270679
53.9807854041
54.0091843145
54.0276343275
54.0893206106
54.1005644128
54.1274619885
54.1787455679
54.2074493049
54.2395976502
54.2787144184
54.3188576235
54.3406624693
54.3837070898
54.3931459315
54.4395480131
54.4626607976
54.5168723000
54.5427402482
54.5720064624
54.6076164054
54.6360199467
54.6783223052
54.7053935675
54.7238400653
54.7735770538
54.8001295591
54.8214511060
54.8570241016
54.9063609360
54.9194800307
54.9778628168
54.9858973627
55.0474652341
55.0744245270
55.1059203855
55.1286101428
55.1620360562
55.1880085795
55.2317775603
55.2467842357
55.2992041224
55.3136964026
55.3630993922
55.3925077853
55.4241251155
55.4595694169
55.4987853906
55.5169812553
55.5588013558
55.5782730642
55.6177514523
55.6593847044
55.6759765995
55.7162693381
55.7459602698
55.7847536249
55.8398173002
55.8553075712
55.8848311924
55.9155503437
55.9620133146
56.0045326497
56.0254972630
56.0607802779
56.0917207804
56.1261357055
56.1398656836
56.2004420696
56.2244365670
56.2683584510
56.3007740207
56.3070155042
56.3363449841
56.3913377650
56.4044251363
56.4635003724
56.4979566726
56.5296020096
56.5611198391
56.5962502951
56.6243779729
56.6501650141
56.6939732524
56.7000344080
56.7399509580
56.7926958594
56.8290210746
56.8366404443
56.8871770719
56.9277277691
56.9579241753
56.9807605763
57.0088291579
57.0374142555
57.0830830770
57.1165721988
57.1363675778
57.1726440298
57.1971613249
57.2315502932
57.2735648090
57.3176528911
57.3527489128
57.3731731117
57.3951967364
57.4291048463
57.4863454911
57.4921535325
57.5383059016
57.5556898472
57.5917953790
57.6447146291
57.6619793945
57.7126287866
57.7531663637
57.7637278527
57.8029297573
57.8383299919
57.8840285693
57.9076057217
57.9330770141
57.9825729794
57.9970613393
58.0402172630
58.0790257143
58.1136874231
58.1194099146
58.1549442894
58.1837620471
58.2337103837
58.2517329558
58.2869331776
58.3406877876
58.3690299227
58.4104743445
58.4374327412
58.4754512800
58.5024580197
58.5381939375
58.5647028447
58.5927088305
58.6272682498
58.6629184795
58.6793828162
58.7161466416
58.7471800420
58.7938543726
58.8300417089
58.8500354622
58.9077040111
58.9389061772
58.9729847873
58.9756286122
59.0308396279
59.0679915423
59.0813709026
59.1111302913
59.1676547116
59.2021604841
59.2293292282
59.2503562212
59.3033102184
59.3239360567
59.3562976040
59.3921512370
59.4159107955
59.4449720256
59.4717871318
59.5247698096
59.5382430693
59.5842088785
59.6114832932
59.6405836511
59.6858691547
59.7233721757
59.7379902176
59.7728214547
59.8254579111
59.8635995683
59.8689220913
59.9270965386
59.9371861499
59.9707759320
60.0222614894
60.0555753634
60.0669794826
60.1110387468
60.1311419279
60.1900612332
60.1977626959
60.2463555718
60.2611297392
60.3050703188
60.3536980290
60.3877839621
60.4116037536
60.4559942223
60.4664208513
60.4974842111
60.5326483851
60.5757378242
60.6170087180
60.6274863893
60.6613760465
60.7022111428
60.7492315349
60.7602336749
60.7944133499
60.8522697693
60.8823767430
60.9163016681
60.9465110493
60.9688057952
60.9882484587
61.0330649732
61.0599256560
61.1003340443
61.1400493292
61.1541235931
61.2155142645
61.2330694905
61.2807810478
61.2880544756
61.3377638146
61.3660061540
61.3898768588
61.4193875841
61.4558340241
61.4940239647
61.5180227935
61.5697102563
61.6054396958
61.6406335753
61.6563119674
61.7126402414
61.7176677229
61.7696324943
61.7960773169
61.8304071104
61.8714734320
61.8927574576
61.9187809189
61.9570040863
61.9775163893
62.0387214389
62.0529426210
62.0846175018
62.1364017057
62.1631206679
62.1806139887
62.2222389372
62.2565240795
62.2846023973
62.3190724978
62.3486446957
62.3847962603
62.4290862460
62.4569672573
62.4975826117
62.5172789049
62.5559954302
62.5887944731
62.6072840873
62.6461190984
62.6705012552
62.7317526937
62.7484793549
62.8001226585
62.8325433337
62.8626679634
62.8728300936
62.9102644618
62.9589903896
62.9972149534
63.0128838281
63.0346341796
63.0812645452
63.1017090371
63.1435126899
63.1703259851
63.2170649666
63.2439656727
63.2646822512
63.3037942442
63.3620553964
63.3788574292
63.4207051091
63.4594442482
63.4647936333
63.5095521127
63.5384094871
63.5636652632
63.6178366467
63.6360415656
63.6673085107
63.7100068921
63.7261064122
63.7891078971
63.8090761220
63.8489900146
63.8707487699
63.9104042284
63.9413802146
63.9626278090
64.0158535388
64.0330088288
64.0625719837
64.0954578004
64.1345016565
64.1642965289
64.1931829994
64.2516661775
64.2735398872
64.2921881184
64.3495859150
64.3828857241
64.4128831835
64.4467846671
64.4834259181
64.4982178883
64.5338272088
64.5570657400
64.6060033768
64.6360786048
64.6796772525
64.6851626306
64.7162884754
64.7746190510
64.7823484268
64.8439160383
64.8527458108
64.8803315395
64.9355204966
64.9715833486
65.0002509449
65.0285271219
65.0704597306
65.0803205473
65.1259998084
65.1710977408
65.1769967122
65.2151134721
65.2675124158
65.2859299104
65.3321016963
65.3479435647
65.3769433185
65.4176214573
65.4490090103
65.4826408403
65.5195097571
65.5676504690
65.5938140528
65.6381615168
65.6474140712
65.6966773233
65.7314940305
65.7692056254
65.7815710375
65.8067884312
65.8432116858
65.8874001273
65.9046534803
65.9363020710
65.9920298200
66.0269991689
66.0364977399
66.0811658452
66.1316883054
66.1428904610
66.1783708868
66.2263786769
66.2403770492
66.2954662699
66.3306125121
66.3536186977
66.3912826284
66.4267046515
66.4317736327
66.4667076908
66.5188572080
66.5582874919
66.5809747436
66.6198244161
66.6411233012
66.6846120561
66.7103253107
66.7510927768
66.7717764440
66.8213812238
66.8501813069
66.8906445641
66.8941267233
66.9508489805
66.9719596563
67.0025158158
67.0357178062
67.0866188595
67.1064584242
67.1275192362
67.1667066815
67.1908038156
67.2443443894
67.2692948617
67.3133932988
67.3453082135
67.3600334803
67.4125687099
67.4276861215
67.4591158702
67.5059782013
67.5321204674
67.5847197386
67.6037150838
67.6378356505
67.6702794346
67.7002208763
67.7363354246
67.7589723210
67.8012864893
67.8298329739
67.8822225797
67.8851315198
67.9204232894
67.9664392032
68.0059023204
68.0461300323
68.0746499328
68.1022255599
68.1281502548
68.1686964018
68.1987836354
68.2187292837
68.2478393566
68.3108616241
68.3232781118
68.3685162055
68.4035196545
68.4227468095
68.4597263378
68.4888767969
68.5201749882
68.5444941038
68.5820035269
68.6110802142
68.6619290900
68.6807922436
68.7210965838
68.7510846928
68.7750092005
68.8316774698
68.8608900688
68.8861990249
68.9301279266
68.9452325481
68.9973980009
69.0145280034
69.0659151405
69.0847438579
69.1092367861
69.1432038735
69.1987809126
69.2051217505
69.2523678935
69.2848285027
69.3020738035
69.3595960237
69.3798635506
69.4195667320
69.4344519966
69.4749996176
69.5267591442
69.5513973233
69.5864122275
69.6293872995
69.6419452690
69.6796299702
69.6971492262
69.7470083007
69.7655033310
69.8038081776
69.8357825310
69.8938282196
69.9243830203
69.9296890000
69.9767767691
70.0058793663
70.0388638931
70.0912187431
70.1156263076
70.1432116180
70.1844179509
70.1922751655
70.2485067521
70.2739573431
70.3159462471
70.3271403020
70.3634076501
70.3963174121
70.4467528477
70.4603889136
70.4895856213
70.5337087929
70.5597497604
70.5912384108
70.6427453829
70.6568748607
70.7009021777
70.7298881906
70.7727970919
70.8013266468
70.8416486350
70.8836574214
70.9006771772
70.9456334446
70.9578832902
71.0024439945
71.0445876573
71.0525583168
71.1127851242
71.1467037897
71.1539206470
71.2105862209
71.2437770128
71.2567731074
71.2983172135
71.3137406608
71.3680975378
71.3897820760
71.4246073982
71.4505578374
71.4901041806
71.5223483963
71.5593054761
71.6001612297
71.6406035252
71.6457406253
71.6842112583
71.7400400089
71.7568834197
71.8020406920
71.8236284346
71.8619722902
71.8986439363
71.9279495167
71.9550606903
71.9883138777
72.0247328198
72.0494447158
72.0764593998
72.1246464711
72.1425676657
72.1877142889
72.2073960807
72.2676527192
72.2988412142
72.3186926235
72.3395355688
72.3757186934
72.4301192756
72.4396062818
72.4734271220
72.5037670173
72.5383352035
72.5724455449
72.6328326362
72.6435673903
72.6665747856
72.7320065193
72.7636140606
72.7742113904
72.8067605307
72.8337177951
72.8651086630
72.9145926697
72.9477453589
72.9876860530
73.0225911908
73.0351111703
73.0880224911
73.1139550777
73.1459906170
73.1700497938
73.2125356622
73.2295850660
73.2628916181
73.3109218460
73.3412039742
73.3626235293
73.4094497355
73.4304184746
73.4707855105
73.5097270336
73.5267442937
73.5760403220
73.6065692999
73.6405429732
73.6883913616
73.7047700250
73.7481885119
73.7853688365
73.8117446686
73.8375069984
73.8791454069
73.9151793926
73.9308429997
73.9767421608
74.0010496425
74.0328927210
74.0689433698
74.1160142037
74.1362496872
74.1596822493
74.1881120236
74.2318382394
74.2521546880
74.2840828051
74.3270293133
74.3738060818
74.4082238530
74.4402724140
74.4739993827
74.5054331352
74.5283589728
74.5716770105
74.5887428161
74.6341055825
74.6786873328
74.6794484991
74.7155559155
74.7542433717
74.8066381825
74.8341184273
74.8706267818
74.9039532420
74.9131184595
74.9535032088
74.9896288559
75.0397626835
75.0546392040
75.0900670928
75.1299901747
75.1485898206
75.1855041048
75.2331947238
75.2649919811
75.2901324566
75.3284249164
75.3515720103
75.3942364719
75.4149099187
75.4487977948
75.4912015580
75.5105649027
75.5570426753
75.5716805557
75.6237003984
75.6665831268
75.6936421363
75.7072171406
75.7508931693
75.7748117274
75.8219598057
75.8480409064
75.8942562054
75.9069007644
75.9602766051
75.9976159887
75.9992623586
76.0555601239
76.0717636064
76.1016358515
76.1477301559
76.1947192920
76.2179471350
76.2383074957
76.2898731537
76.3038436484
76.3333577336
76.3931875641
76.3981445335
76.4365086263
76.4800845935
76.5004977056
76.5438687023
76.5879510923
76.6234425409
76.6385386460
76.6697628111
76.7188237182
76.7533477939
76.7622103095
76.7909024239
76.8520987758
76.8712779576
76.8958766385
76.9298298081
76.9632091107
77.0078953800
77.0302885013
77.0813746431
77.1162189674
77.1401056619
77.1666105208
77.2094778116
77.2222916694
77.2672207153
77.3066432645
77.3292384614
77.3770699988
77.4058726863
77.4491395246
77.4596528782
77.4917767601
77.5226899168
77.5675791491
77.5911316060
77.6349719593
77.6667730095
77.7042398290
77.7275207989
77.7740794772
77.8089270833
77.8334026659
77.8699004399
77.8954118810
77.9347341097
77.9650885478
78.0095963392
78.0327881942
78.0580081596
78.0973511677
78.1287169151
78.1547700444
78.2086005011
78.2185508811
78.2729536863
78.2808347209
78.3131447120
78.3641712235
78.3952499486
78.4146992522
78.4711324460
78.4740987003
78.5166888802
78.5596473930
78.5787218677
78.6068773496
78.6505790452
78.6957542804
78.7094088094
78.7447046086
78.7770917087
78.8350832728
78.8547150850
78.8701550752
78.9125007282
78.9513534659
78.9821022048
79.0028175812
79.0526843180
79.0854552874
79.1046643220
79.1490538520
79.1714238594
79.2184956541
79.2497212572
79.2780437717
79.3072530774
79.3372962796
79.3680465806
79.4100805838
79.4604711019
79.4665910629
79.5131709085
79.5440809272
79.5687507391
79.6144848523
79.6400756080
79.6827679039
79.7215332577
79.7496026908
79.7919148599
79.8085932990
79.8276172058
79.8761171102
79.9131961308
79.9310326025
79.9722663381
80.0149282639
80.0318699551
80.0801255551
80.1023058810
80.1312523711
80.1764394451
80.1918962020
80.2261357272
80.2841614758
80.2960916728
80.3429420227
80.3849640894
80.3948935526
80.4260858221
80.4663561379
80.4905850359
80.5283002639
80.5684674832
80.5882777118
80.6203612361
80.6635722204
80.7073610556
80.7339285003
80.7751739024
80.7853677585
80.8221919795
80.8760558084
80.9058456782
80.9296824293
80.9800661825
81.0067720020
81.0235688751
81.0756539847
81.1008352419
81.1153507665
81.1653845295
81.2055434033
81.2366847580
81.2547910532
81.2845644898
81.3277331389
81.3482992065
81.3875118427
81.4246030015
81.4706267917
81.4906995365
81.5274828786
81.5517457948
81.5803715455
81.6189788048
81.6520059582
81.7051959391
81.7214893789
81.7511092792
81.7902503592
81.8079407314
81.8402968849
81.8880253609
81.9116202751
81.9661146291
81.9976716790
82.0282602281
82.0628703528
82.0697361718
82.1130953358
82.1417741301
82.1803916948
82.2222730393
82.2534904946
82.2789324585
82.3203603507
82.3483203673
82.3975242540
82.4267751191
82.4498208784
82.4870665262
82.5080161480
82.5608805609
82.5819537650
82.6253779659
82.6307081086
82.6710791226
82.7065222232
82.7476872038
82.7868734934
82.8269413806
82.8524457026
82.8830262719
82.9218903036
82.9283536265
82.9851189245
83.0133099784
83.0361276889
83.0689561327
83.1149396073
83.1329781758
83.1814242114
83.2020950731
83.2495887889
83.2836282865
83.3163111336
83.3551878104
83.3618415722
83.3891607604
83.4469109243
83.4823975083
83.5011875617
83.5295372691
83.5673191336
83.6062577794
83.6355624523
83.6786416734
83.7004437465
83.7308686128
83.7803519454
83.7869868422
83.8461520138
83.8601179796
83.8928098599
83.9186326508
83.9541394452
83.9986844857
84.0470946011
84.0700100541
84.1103784335
84.1343490920
84.1708334351
84.2004611087
84.2237949832
84.2561384110
84.2965135546
84.3455159053
84.3754314335
84.3805650104
84.4302409326
84.4490300432
84.5068567213
84.5219494194
84.5535339242
84.5807739441
84.6403309709
84.6495218759
84.6818354925
84.7249030537
84.7624239058
84.8051710846
84.8245621833
84.8655588095
84.8802704679
84.9080064793
84.9689375774
84.9749026631
85.0203751269
85.0713383061
85.0775058445
85.1056746256
85.1403904446
85.1972481826
85.2237563845
85.2655369294
85.2909367192
85.3088899714
85.3390140463
85.3861035653
85.4194143488
85.4667072537
85.4787339243
85.5136976427
85.5582556889
85.5755682790
85.6259238468
85.6435728386
85.6656739974
85.7168978858
85.7546005811
85.7732240796
85.8025500365
85.8590329198
85.8714006900
85.9063105374
85.9383069812
85.9947061703
86.0174417346
86.0493259942
86.0855257507
86.1228843085
86.1417863740
86.1642421429
86.1939430406
86.2572290969
86.2857412945
86.3241832644
86.3305983349
86.3631480886
86.4041036742
86.4360305292
86.4592345377
86.5088261086
86.5268555900
86.5710903332
86.5891720334
86.6467151402
86.6633059122
86.6887360445
86.7413535927
86.7797579926
86.7975921801
86.8437540116
86.8772882649
86.8901230154
86.9452995058
86.9547137297
86.9921721462
87.0261339413
87.0784167402
87.1161554709
87.1340830134
87.1646012437
87.2158412056
87.2457869595
87.2798647369
87.3112699999
87.3272680015
87.3726037247
87.4100741768
87.4407842570
87.4617047425
87.4838310578
87.5167441974
87.5773354546
87.6061804056
87.6389549502
87.6530422285
87.7033685198
87.7277745345
87.7555509693
87.8070412437
87.8228646254
87.8705406816
87.8839960696
87.9317512105
87.9558617750
87.9976404878
88.0127258857
88.0611570252
88.0827135860
88.1174246607
88.1638928179
88.1756069485
88.2203281703
88.2414890293
88.2872484284
88.3095319602
88.3501920439
88.3924244263
88.4204511610
88.4370656488
88.4887046777
88.5352061365
88.5617781052
88.5838082686
88.6229503118
88.6482888153
88.6747739232
88.7084468580
88.7485828685
88.7695552036
88.8054898168
88.8485656876
88.8946241305
88.9186025127
88.9360422275
88.9715480066
89.0295550266
89.0401053851
89.0706444700
89.1237167205
89.1365192977
89.1704605642
89.2056939212
89.2526124266
89.2678671104
89.3046064630
89.3385191367
89.3781204570
89.4154557602
89.4561601854
89.4604055515
89.5107619162
89.5348648961
89.5639034824
89.6070267264
89.6319901160
89.6647408195
89.6910879947
89.7483715796
89.7712592450
89.7917182990
89.8348786210
89.8780110222
89.9125541659
89.9357080213
89.9659766873
89.9999782383
90.0465956622
90.0619927080
90.1090350941
90.1201948164
90.1825700986
90.2029951185
90.2504835316
90.2809891988
90.2959027832
90.3270471811
90.3529266716
90.3927364700
90.4205632598
90.4600222710
90.5070576635
90.5288614873
90.5631453459
90.5971238072
90.6446053683
90.6767240776
90.7001969446
90.7171886515
90.7709944607
90.7994979533
90.8159139492
90.8751131693
90.8846092493
90.9199243899
90.9654333280
91.0003643508
91.0176711572
91.0478950349
91.0898858044
91.1299321901
91.1443930648
91.1965118749
91.2263227225
91.2504878926
91.2973438621
91.3244208291
91.3646295380
91.3740114365
91.4176836858
91.4610744540
91.4913603611
91.5112427810
91.5628560910
91.5880498732
91.6121413793
91.6561111784
91.6853311479
91.7055827063
91.7505051220
91.7956727736
91.8333150167
91.8376607341
91.8849496728
91.9016487454
91.9569015025
91.9763635843
92.0254416229
92.0476938640
92.0704399903
92.1060529203
92.1621066687
92.1726166363
92.2173850269
92.2484490819
92.2824934430
92.3064735728
92.3417477770
92.3838384521
92.3962779971
92.4548749766
92.4626828661
92.5145138498
92.5389919469
92.5850722403
92.5944309530
92.6473467820
92.6911772778
92.7103507602
92.7428681931
92.7889342540
92.7926471236
92.8477630470
92.8875616921
92.9014576129
92.9352788481
92.9872206123
92.9999311447
93.0428159215
93.0752835522
93.1081709313
93.1395712847
93.1784939115
93.1999778042
93.2529412497
93.2866022760
93.2998047926
93.3288609401
93.3529075158
93.3876626408
93.4292164588
93.4598111395
93.5063625749
93.5234036968
93.5592576923
93.5895042454
93.6286399826
93.6646602671
93.7093311507
93.7320106708
93.7742740248
93.8088252240
93.8333850452
93.8654048790
93.8963339816
93.9294781764
93.9525390497
93.9953682469
94.0320820288
94.0645068080
94.0903804245
94.1428850247
94.1512497611
94.1793150117
94.2160337072
94.2739494499
94.2886013209
94.3324307274
94.3685432131
94.4056535715
94.4349648002
94.4704929667
94.4785251159
94.5098696497
94.5517466691
94.5981550586
94.6201370970
94.6603020906
94.7013069746
94.7086256005
94.7579765816
94.7853756775
94.8199053578
94.8423179110
94.8813427804
94.9291815715
94.9569443243
94.9970117443
95.0324612172
95.0397525478
95.0874241011
95.1020699946
95.1559619664
95.1790339610
95.2267345521
95.2333375740
95.2787979162
95.3123316377
95.3554873811
95.3826517414
95.4104270046
95.4486456534
95.4895201239
95.5028706167
95.5514844463
95.5867575710
95.6089543756
95.6597694023
95.6861224759
95.7252165197
95.7442461368
95.7836253839
95.8137917710
95.8544917271
95.8643215956
95.9240582445
95.9378641252
95.9755448818
96.0009564572
96.0345653691
96.0751399720
96.0984926302
96.1450377431
96.1790869606
96.1987433713
96.2459461208
96.2859106224
96.2974249087
96.3514240946
96.3710488861
96.4189778310
96.4229256891
96.4724894167
96.4904751926
96.5220582257
96.5665497940
96.6012100937
96.6425103218
96.6758722758
96.7054126861
96.7486025481
96.7788501661
96.8051094908
96.8215962223
96.8526853371
96.9011370446
96.9287112650
96.9777249695
96.9971826483
97.0445431915
97.0757496095
97.1017879371
97.1366276470
97.1579022245
97.1867971592
97.2318682457
97.2559408329
97.2820724791
97.3398969692
97.3524889917
97.3927052153
97.4243024668
97.4763647287
97.5078561972
97.5225688769
97.5558853801
97.5980441604
97.6398830441
97.6728592923
97.6994809793
97.7299116127
97.7570113544
97.7863626891
97.8083284915
97.8406811462
97.8983727547
97.9256055875
97.9485337680
97.9947815746
98.0374250463
98.0470524486
98.0894638625
98.1114629363
98.1512029121
98.1772138069
98.2099838528
98.2524423798
98.3010724607
98.3283428088
98.3411160237
98.3920385592
98.4092576147
98.4431437296
98.4699790108
98.5265286203
98.5515489399
98.5879205654
98.6247657459
98.6584512551
98.6788267192
98.7062672274
98.7379845960
98.7887134181
98.8122672843
98.8389887109
98.8783317158
98.9151378925
98.9329054079
98.9933548358
98.9996448238
99.0461755517
99.0819682599
99.1114984682
99.1270991546
99.1909582943
99.2206720771
99.2343227515
99.2680145471
99.3051647087
99.3567744668
99.3882456845
99.4199215414
99.4439755729
99.4623562424
99.5049781781
99.5288262832
99.5880464627
99.6130915776
99.6435775096
99.6857495457
99.6950502080
99.7470323129
99.7861350507
99.8136442029
99.8406125926
99.8751412989
99.8867381118
99.9477861565
99.9822729304
100.0166579186
100.0460917929
100.0531275705
100.1101406498
100.1407112659
100.1731197555
100.2089272398
100.2379135102
100.2565095066
100.2980468127
100.3392552460
100.3783626928
100.3958672611
100.4385616885
100.4781350397
100.4910908428
100.5139015939
100.5622511938
100.5972338613
100.6213033784
100.6629539732
100.7093595360
100.7143563759
100.7646457913
100.7991354288
100.8175853507
100.8678718624
100.8968929323
100.9254492336
100.9468616541
100.9747224511
101.0139539292
101.0419252403
101.1054193319
101.1378237334
101.1554129735
101.1725991975
101.2360480404
101.2555934086
101.2757270008
101.3159184341
101.3649904325
101.4002137433
101.4283391468
101.4540251398
101.4958234061
101.5096323205
101.5676021612
101.5801951632
101.6248789219
101.6524283488
101.6986344470
101.7114658571
101.7456197927
101.7946051504
101.8082694519
101.8618243087
101.8859361005
101.9154909857
101.9498283491
101.9664912339
102.0242156145
102.0525497809
102.0732073300
102.0969638782
102.1573790361
102.1906553562
102.1978058367
102.2593058847
102.2623756222
102.2990491499
102.3429931088
102.3778349329
102.4128554610
102.4491723132
102.4649829369
102.5132054858
102.5491397439
102.5863175147
102.6168570856
102.6444513577
102.6891440893
102.6986781647
102.7400150747
102.7685376573
102.8137097893
102.8342921453
102.8716548335
102.8937963142
102.9438278020
102.9650452949
102.9882008678
103.0502524178
103.0698012772
103.1075913688
103.1313998792
103.1619269516
103.1937673372
103.2368768276
103.2738787580
103.3149132056
103.3272729719
103.3754009519
103.4069744744
103.4274255488
103.4638035120
103.5029132373
103.5465114573
103.5479623791
103.5918011118
103.6189899873
103.6770696181
103.6825669395
103.7210605306
103.7560796235
103.7918844226
103.8244187718
103.8536272142
103.8905667162
103.9136043850
103.9477147283
104.0074250230
104.0151504375
104.0525684495
104.1070704816
104.1388276318
104.1578669905
104.1918116499
104.2081380931
104.2523804504
104.2751404915
104.3081593005
104.3548154683
104.4025003077
104.4139088309
104.4703365627
104.4764681334
104.5134376922
104.5391983634
104.5831373219
104.6134815429
104.6593072302
104.6754700071
104.7035266303
104.7560696065
104.8000197195
104.8074202486
104.8383313400
104.8815438393
104.9104440159
104.9416294821
104.9718180276
105.0068046339
105.0472954737
105.0932656214
105.1089968360
105.1619491085
105.1941729808
105.2267166091
105.2592887202
105.2940320760
105.3151803984
105.3465427574
105.3814701841
105.4240806051
105.4573966999
105.4642680250
105.5262938476
105.5393326212
105.5624648060
105.6167018009
105.6572903835
105.6616191352
105.7100881991
105.7503740826
105.7669522920
105.8055908085
105.8526310124
105.8780998983
105.9157374743
105.9506715811
105.9603455653
105.9963628630
106.0540430176
106.0734799525
106.1002658892
106.1471127541
106.1864162257
106.2154146319
106.2234310292
106.2528311685
106.2862570861
106.3199717904
106.3772982337
106.4114559640
106.4497505312
106.4805579794
106.5156583727
106.5260405720
106.5748284442
106.6004989321
106.6461831935
106.6613404227
106.7037405920
106.7321583348
106.7628591587
106.8094824723
106.8425141458
106.8752007323
106.8857134478
106.9423057905
106.9667161162
106.9973606436
107.0239624620
107.0738514047
107.0811280450
107.1422604954
107.1493619397
107.1860134253
107.2351073320
107.2478700002
107.2759703181
107.3386028051
107.3652683801
107.3819315827
107.4188345591
107.4664837892
107.4756947272
107.5191179841
107.5417357811
107.6006060853
107.6349910167
107.6385723066
107.6750122079
107.7227081313
107.7444899725
107.7907104822
107.8150560072
107.8455191094
107.8952484778
107.9141693559
107.9618554097
107.9693729579
108.0143654584
108.0629831008
108.0701339493
108.1320466824
108.1564381912
108.1979531336
108.2161085095
108.2606345979
108.2710531649
108.3047577333
108.3611787064
108.3866291867
108.4193732699
108.4329530321
108.4720159343
108.4965117565
108.5572523034
108.5638348687
108.6203016859
108.6298566763
108.6929773920
108.7236324698
108.7512835400
108.7702466986
108.8076568803
108.8273911358
108.8749577685
108.9147629843
108.9484238754
108.9703252121
109.0124510208
109.0382111001
109.0703787276
109.0934467167
109.1395963843
109.1759934919
109.2056881203
109.2449524683
109.2649016680
109.2887337028
109.3530715092
109.3830708768
109.3974428076
109.4425901986
109.4629143308
109.5168654174
109.5374617037
109.5807205913
109.5926689014
109.6447055563
109.6718783690
109.6956962307
109.7208421432
109.7735591611
109.7834173072
109.8318640680
109.8683581599
109.8895711357
109.9348353693
109.9493673006
109.9940473683
110.0385223463
110.0634378813
110.1029069992
110.1270773352
110.1691607927
110.1913056971
110.2282322727
110.2580629728
110.3006575684
110.3279771981
110.3690422998
110.3819251496
110.4184121604
110.4459591691
110.4867787121
110.5239435068
110.5644615795
110.6022752095
110.6353576962
110.6608704322
110.6754587125
110.7114218194
110.7516010024
110.7810018548
110.8140133598
110.8574730624
110.8879579706
110.9107468667
110.9530681954
110.9803533483
111.0167068330
111.0419376316
111.0765408106
111.1091181576
111.1370992920
111.1696492224
111.2170953955
111.2662373561
111.2941961872
111.3038809027
111.3357597778
111.3903005162
111.4062335876
111.4395939686
111.4781969786
111.5171998878
111.5583558328
111.5812637580
111.6181475051
111.6632656550
111.6671534332
111.7294627729
111.7357952958
111.7779790234
111.8070885334
111.8350902871
111.8768497401
111.8950662833
111.9556527681
111.9913437917
111.9976701910
112.0502368549
112.0895565203
112.0961798401
112.1550020593
112.1594413891
112.2095861368
112.2466405030
112.2901778887
112.2915480637
112.3310623468
112.3650119485
112.4183314259
112.4430292543
112.4655294388
112.5100725359
112.5454619494
112.5607106063
112.6141998471
112.6373593143
112.6747525785
112.6972088429
112.7209262531
112.7822860405
112.8084454617
112.8209119393
112.8679152257
112.9092293979
112.9488915629
112.9579464112
112.9956872138
113.0206848858
113.0753261641
113.0974038799
113.1242496767
113.1531233320
113.2077931554
113.2193987943
113.2749420874
113.2820006339
113.3402938325
113.3687665343
113.4076649228
113.4202681652
113.4690571485
113.5039588372
113.5224152257
113.5669632189
113.6004482702
113.6249421763
113.6470714686
113.6872420871
113.7180732444
113.7747250672
113.7785965903
113.8086712083
113.8706616049
113.8746333013
113.9347191225
113.9617779070
113.9831683904
114.0235390644
114.0490298124
114.0792370684
114.1149865423
114.1608419226
114.1866931386
114.2176849917
114.2634842774
114.2805777505
114.3163908683
114.3539289284
114.3743325009
114.4234317034
114.4454326402
114.4750779874
114.5245811548
114.5528445114
114.5741898687
114.6186550072
114.6466776326
114.6941293372
114.7124633636
114.7501799157
114.7906323762
114.8007389029
114.8594975106
114.8901542795
114.9096751776
114.9504399769
114.9851327004
115.0191204019
115.0379586535
115.0882286494
115.1222482531
115.1458383549
115.1849371045
115.2205178640
115.2376823595
115.2926064633
115.3050239718
115.3537210765
115.3773250953
115.4227589008
115.4489074735
115.4859884602
115.5033438158
115.5504434950
115.5740967915
115.6019930028
115.6320185192
115.6716469841
115.6957341520
115.7369617697
115.7562760368
115.7958487217
115.8478069482
115.8543125426
115.9115224524
115.9423428285
115.9781297861
115.9872423717
116.0260885053
116.0843821436
116.1149653886
116.1234734867
116.1516279963
116.2136357839
116.2274490487
116.2499187659
116.2906402522
116.3190189227
116.3632919538
116.3982391793
116.4278086430
116.4683389554
116.5085236920
116.5201275557
116.5477409220
116.5881966115
116.6199193965
116.6520456519
116.6977134953
116.7129382032
116.7486928109
116.7993568235
116.8131052835
116.8558207098
116.9071354095
116.9290929185
116.9719607405
116.9842560318
117.0387890240
117.0568565454
117.0765130274
117.1272690241
117.1456921471
117.1945952055
117.2072411801
117.2666051899
117.2755126089
117.3321168042
117.3641640111
117.3797001434
117.4258174765
117.4676449974
117.4938875566
117.5165613833
117.5473463905
117.5945037410
117.6351897964
117.6526456705
117.6962925371
117.7160868576
117.7601835019
117.7767051396
117.8226664138
117.8639071789
117.8883797901
117.9264974680
117.9436558013
117.9909774627
118.0291768251
118.0600749096
118.0686918502
118.1258178645
118.1326542647
118.1953859717
118.2147538490
118.2508831205
118.2734371547
118.3212922301
118.3423534950
118.3863942175
118.4026904212
118.4289170988
118.4809546962
118.5219530464
118.5404240295
118.5677292610
118.6105196804
118.6363175150
118.6606805726
118.7006589737
118.7470067580
118.7635934740
118.8067503123
118.8391018816
118.8749087468
118.9077108634
118.9479658185
118.9758312638
119.0201166154
119.0488927055
119.0592586416
119.0951535799
119.1233009892
119.1534768583
119.1958037470
119.2376816406
119.2840056837
119.3037315373
119.3481078962
119.3749431185
119.3981097796
119.4344180402
119.4812880485
119.4864946591
119.5331067667
119.5793260707
119.6112757712
119.6435600640
119.6553617038
119.7100090986
119.7286407388
119.7738093751
119.8097792835
119.8180279232
119.8786035735
119.8797522827
119.9256655409
119.9688856238
119.9825027163
120.0426637479
120.0743622557
120.0887900946
120.1185554301
120.1670252977
120.1853393352
120.2295727166
120.2634580698
120.3022145720
120.3196482479
120.3593843039
120.3852359167
120.4343647622
120.4684313596
120.4777565359
120.5201447144
120.5429552426
120.5995858812
120.6147926069
120.6490829189
120.6717595440
120.7146573093
120.7488448940
120.7993941688
120.8352685881
120.8522565550
120.8755627623
120.9292478683
120.9542066039
120.9805709379
121.0260077829
121.0344055365
121.0787186732
121.1067712343
121.1371140525
121.1813433489
121.2196974989
121.2510464186
121.2909217466
121.3286265264
121.3413724688
121.3934604318
121.4160173088
121.4553122063
121.4940270405
121.5022145107
121.5495200520
121.5774471872
121.6126913481
121.6400476149
121.6787785479
121.7073291439
121.7462929492
121.7594562348
121.8221285069
121.8419478543
121.8757043568
121.8972520344
121.9318162486
121.9575296514
122.0033094260
122.0451291682
122.0799526345
122.0950187436
122.1401971009
122.1783661483
122.2173781149
122.2261215239
122.2833008384
122.3083711437
122.3501892281
122.3676833954
122.3915294608
122.4344569836
122.4724936501
122.4953547607
122.5332767721
122.5692632439
122.6032224502
122.6225844513
122.6554807027
122.6955351115
122.7188944742
122.7650960164
122.7833927517
122.8190292125
122.8555231327
122.8861915016
122.9228473401
122.9732820009
122.9803243347
123.0209095941
123.0704302752
123.0937696794
123.1413515175
123.1543246143
123.1957451890
123.2262606818
123.2503745709
123.2856055716
123.3163449332
123.3465910045
123.3848469482
123.4312861058
123.4747013669
123.4840635689
123.5377019769
123.5655525252
123.6018040956
123.6094002286
123.6571301289
123.6854195276
123.7086582387
123.7491856425
123.7883820854
123.8223425103
123.8703447158
123.8979846394
123.9352416143
123.9423814253
123.9844531889
124.0280906487
124.0659795877
124.0798190986
124.1043627438
124.1465820774
124.1868717913
124.2309005274
124.2350154464
124.2870922441
124.3270507087
124.3492075449
124.3937183088
124.4266985432
124.4562134355
124.4702748056
124.5087722279
124.5461936510
124.5814612007
124.6062859957
124.6366126567
124.6781693524
124.7202865510
124.7366929744
124.7618076165
124.8263767842
124.8507633122
124.8764654995
124.9086284010
124.9517826799
124.9672108929
125.0219764524
125.0407106125
125.0717659534
125.1204383860
125.1340222773
125.1609047178
125.2169838930
125.2548266144
125.2746349990
125.3023538656
125.3315476461
125.3723613969
125.3970160395
125.4360245050
125.4746627753
125.4966979654
125.5408809381
125.5592556019
125.6132202730
125.6197073381
125.6687280129
125.7073879256
125.7335566814
125.7719960354
125.8072517907
125.8395039432
125.8519046449
125.9026840783
125.9406243133
125.9812899073
125.9915359610
126.0265517102
126.0734327877
126.0947081489
126.1208085729
126.1556082342
126.1904302441
126.2420781553
126.2583279379
126.3007449892
126.3442102055
126.3774617636
126.3963440641
126.4402729593
126.4555942763
126.5054654776
126.5184278328
126.5467891224
126.5938112270
126.6226272268
126.6456245858
126.6994666909
126.7153212016
126.7604231424
126.7877161906
126.8095389567
126.8543136719
126.8975736609
126.9254480042
126.9666117844
126.9864448799
127.0372537023
127.0633704403
127.0830328404
127.1330896585
127.1537362314
127.1993158324
127.2125349398
127.2584856051
127.2797336711
127.3306423130
127.3465099383
127.3915373960
127.4221110445
127.4629110475
127.4745065497
127.5052845321
127.5560951251
127.5901804593
127.6036096438
127.6456419824
127.6699366337
127.7245362070
127.7520382113
127.7884571679
127.8008168953
127.8379539044
127.8725467500
127.9154865180
127.9486004911
127.9792347122
128.0147291187
128.0508735967
128.0769181066
128.1120825662
128.1514914766
128.1861077899
128.2092931918
128.2268046348
128.2865643307
128.3163127017
128.3412718700
128.3820667863
128.3914754681
128.4492444556
128.4788814858
128.5194417277
128.5361197995
128.5845550916
128.5976743713
128.6332879719
128.6742963073
128.7139515239
128.7495792453
128.7669216868
128.7880036389
128.8445271515
128.8693256376
128.8957193291
128.9406056722
128.9646098741
128.9871380609
129.0352264019
129.0507651812
129.1105623819
129.1454135566
129.1726935836
129.2100386474
129.2347494745
129.2813161661
129.2897887128
129.3363563214
129.3610421577
129.4102830585
129.4347415424
129.4611655553
129.4826553912
129.5334214705
129.5758683813
129.5790886096
129.6436770929
129.6667356494
129.6800513653
129.7395390918
129.7594275181
129.8011482467
129.8144975956
129.8696400330
129.9064721133
129.9200643399
129.9600761594
129.9860813795
130.0348199560
130.0544920948
130.0873995466
130.1138486384
130.1489203738
130.1842733893
130.2236072557
130.2537105596
130.2732656798
130.3353582427
130.3473925729
130.3963884315
130.4184223864
130.4479413794
130.4793088575
130.5076423549
130.5516046582
130.5920874695
130.6014826510
130.6652491059
130.6762919366
130.7077776861
130.7474390212
130.7678415890
130.8069663707
130.8410303289
130.8666295967
130.9001100114
130.9413940951
130.9686069805
131.0004579903
131.0339604891
131.0945321976
131.0967047701
131.1596469713
131.1818020072
131.1982932335
131.2566524822
131.2714010567
131.3222005977
131.3449676760
131.3672948030
131.4051474352
131.4296065403
131.4676019742
131.5095946972
131.5413432821
131.5743008093
131.5971001486
131.6384135174
131.6629082990
131.7078294122
131.7497364271
131.7568156307
131.8047481926
131.8466080258
131.8767892906
131.9142846499
131.9303602852
131.9606375465
