# Transit of NOI-101635
# Obtained with the Swiss Telescope
# Observed with Eulercam
#   on the night beginning 2017-08-21
#
# Observer:
# Helen Giles
#
# Planning + Reduction:
# Oliver Turner
# (Using modfied pipeline by D.R.Anderson + O.Turner)
# (Image correction with ePipe by Sergi Blanco)
#
# *Setup*:
# Telescope: Swiss
# Instrument: Eulercam
# Filter = IC
# Defocus =  0.05
# Plate scale = 0.215 arcsec/pixel
# Exposure time = See column 9
#
# *Observations*:
# Total execution time = 3 hr 33 min
# Number of exposures = 502
#
# Airmass = 2.3546 --> 1.0700 --> 1.0700
#   (obs. start --> highest --> obs. end)
#
# Weather conditions: 
#    Clear, Thin clouds (cirri)
#
# Observational remarks
#    None
#    
# 
# *Reduction*:
# Number of comparison stars used = 4
# Aperture radius = 14 pixels = 3.01 arcsec
#
# The columns are:
# 1. JD - 2450000 / days (UTC)
# 2. Differential flux
# 3. Error in differential flux
#    (formal, not scaled)
# 4. Target x position / pix
# 5. Target y position / pix
# 6. Airmass
# 7. Target FWHM / pix
# 8. Sky background
# 9. Exposure time / s
#
7987.50135588 1.007838 2.481969 2654.1250 281.7600 2.3546 5.4960 1.1230 10.0020
7987.50171604 0.993339 0.008187 2660.4410 280.2090 2.3454 7.5880 1.2358 10.0010
7987.50198813 0.995668 0.008100 2660.9530 280.3900 2.3394 6.8640 1.2295 10.0010
7987.50224579 1.005778 0.008255 2663.0630 278.9580 2.3324 7.6800 1.2321 10.0010
7987.50250197 0.997019 0.008272 2664.2960 280.2860 2.3255 9.2590 1.1989 10.0020
7987.50277600 0.997176 0.008321 2659.5380 277.4030 2.3182 9.4090 1.2222 10.0010
7987.50303496 0.998767 0.008198 2657.0260 277.7080 2.3114 7.3960 1.2038 10.0010
7987.50330933 1.001366 0.008181 2655.7670 277.7450 2.3042 7.3680 1.2311 10.0000
7987.50356922 1.002131 0.008131 2654.9440 278.6760 2.2975 7.2120 1.1262 10.0020
7987.50383963 1.007146 0.008148 2655.7570 278.2850 2.2906 6.4600 1.1477 10.0010
7987.50424018 1.000967 0.006129 2659.3670 276.6770 2.2794 6.5840 1.6758 17.0010
7987.50458414 0.995610 0.006151 2660.6940 276.8080 2.2715 7.0960 1.6268 17.0010
7987.50493197 1.000100 0.006110 2660.9820 280.0440 2.2628 6.2280 1.5386 17.0020
7987.50527597 1.002186 0.006144 2661.2610 279.8050 2.2542 7.2800 1.6360 17.0010
7987.50562231 1.001775 0.006078 2661.8390 278.7370 2.2456 5.6640 1.5951 17.0020
7987.50596855 0.994730 0.006047 2662.2000 278.6800 2.2371 5.8960 1.6040 17.0010
7987.50631722 0.998669 0.006092 2660.2840 278.9190 2.2286 6.6400 1.7734 17.0010
7987.50666185 1.001863 0.006124 2660.9850 278.9100 2.2203 7.0040 1.4048 17.0020
7987.50701047 1.001265 0.006077 2660.4870 279.1260 2.2120 5.8640 1.6053 17.0020
7987.50735909 1.000091 0.006062 2659.7490 280.1480 2.2037 6.1280 1.5734 17.0010
7987.50770655 1.004139 0.006054 2658.5360 278.9770 2.1956 5.8840 1.5378 17.0010
7987.50805172 0.996767 0.006053 2659.1770 279.2500 2.1875 6.6720 1.5407 17.0020
7987.50840027 1.009783 0.006130 2662.7100 280.7830 2.1795 7.0480 1.4814 17.0020
7987.50874680 0.997906 0.006035 2663.2600 279.6300 2.1715 6.0760 1.3862 17.0010
7987.50909560 0.999083 0.006051 2660.9250 278.1440 2.1635 6.2920 1.6258 17.0020
7987.50944018 0.995911 0.006026 2661.7710 279.2650 2.1557 5.2320 1.5455 17.0020
7987.50978946 0.995855 0.006035 2660.8370 279.3750 2.1480 5.8120 1.4910 17.0000
7987.51013693 0.992311 0.006032 2662.8440 280.4030 2.1402 6.7120 1.3720 17.0010
7987.51048264 1.004720 0.006111 2661.2150 278.8750 2.1326 7.3480 1.4475 17.0010
7987.51083051 1.004954 0.006089 2661.7700 279.4370 2.1250 5.5520 1.5606 17.0010
7987.51117922 1.002310 0.006060 2658.5010 278.4880 2.1174 5.8160 1.5547 17.0020
7987.51152384 1.002714 0.006078 2660.9950 279.6590 2.1100 6.5400 1.5854 17.0010
7987.51187359 0.998077 0.006042 2660.7790 279.0250 2.1024 5.5640 1.6181 17.0010
7987.51223726 1.000427 0.006045 2662.6970 280.9300 2.0949 5.9320 1.5981 17.0010
7987.51258593 1.001370 0.006069 2661.5570 279.5980 2.0875 6.0400 1.5731 17.0010
7987.51290370 0.998578 0.007273 2661.4450 280.4170 2.0809 5.6680 1.2800 12.0010
7987.51318612 1.005977 0.007300 2657.3800 278.5460 2.0751 6.5520 1.2321 12.0010
7987.51348016 1.003526 0.007298 2658.7830 279.0980 2.0691 5.2960 1.3068 12.0010
7987.51376546 0.998895 0.007300 2661.0540 279.3170 2.0632 6.1800 1.3370 12.0020
7987.51405941 0.998989 0.007324 2662.3140 279.0520 2.0573 5.8600 1.3300 12.0010
7987.51434529 0.990043 0.007338 2661.7440 279.2280 2.0514 7.4200 1.2470 12.0020
7987.51464336 1.008572 0.007520 2661.3690 279.6120 2.0455 7.2920 1.3215 12.0000
7987.51503945 1.005660 0.007390 2658.2920 278.8470 2.0369 6.5960 1.2237 12.0010
7987.51533849 1.009073 0.007401 2659.0730 279.5380 2.0317 6.3720 1.2436 12.0010
7987.51562783 0.997025 0.007371 2660.4130 279.5150 2.0261 7.3400 1.2580 12.0020
7987.51591566 1.002547 0.007310 2660.1570 279.3150 2.0204 6.3480 1.2588 12.0020
7987.51620571 1.004031 0.007330 2659.8390 277.4650 2.0149 7.0240 1.2814 12.0020
7987.51649590 0.999410 0.007330 2661.4750 278.9550 2.0093 7.7560 1.2134 12.0000
7987.51678504 0.995656 0.007275 2660.6440 280.7660 2.0037 6.6880 1.2576 12.0020
7987.51707319 1.002145 0.007313 2661.8260 281.1080 1.9982 6.9720 1.1715 12.0000
7987.51736332 1.004119 0.007399 2660.1670 278.1150 1.9928 7.3080 1.1764 12.0000
7987.51765304 0.999488 0.007311 2661.9060 278.1860 1.9874 6.6440 1.2971 12.0020
7987.51794853 1.001888 0.007316 2662.0810 278.8730 1.9819 6.8320 1.2916 12.0010
7987.51823370 0.997403 0.007347 2659.5120 279.2300 1.9766 7.0960 1.2690 12.0010
7987.51851978 0.999225 0.007346 2660.8960 280.3980 1.9713 7.1320 1.2101 12.0010
7987.51880999 0.999108 0.007313 2657.7040 279.1670 1.9660 7.0120 1.2668 12.0010
7987.51909908 1.006025 0.007420 2660.1860 280.0150 1.9608 7.4920 1.2810 12.0010
7987.51938958 1.000953 0.007286 2659.8640 278.2340 1.9555 6.6000 1.2685 12.0010
7987.51968454 1.008413 0.007525 2661.8070 278.8990 1.9503 7.9080 1.2102 12.0020
7987.51997441 1.002504 0.007353 2660.2350 279.3660 1.9451 6.7320 1.2331 12.0010
7987.52025715 0.996437 0.007300 2660.3360 278.8900 1.9401 6.6280 1.2893 12.0000
7987.52054621 0.990184 0.007270 2658.2340 276.8850 1.9350 7.0000 1.2528 12.0020
7987.52083345 1.004872 0.007304 2660.6480 277.7990 1.9300 6.0520 1.1833 12.0010
7987.52112096 1.000972 0.007289 2660.9020 280.3350 1.9250 6.5480 1.2760 12.0020
7987.52140924 1.006541 0.007361 2661.7490 280.3890 1.9200 6.9600 1.2813 12.0010
7987.52169315 1.002417 0.007286 2659.5160 278.9330 1.9151 6.8520 1.2629 12.0000
7987.52198249 1.003675 0.007364 2662.1390 279.2200 1.9102 7.6160 1.1772 12.0010
7987.52226841 1.003097 0.007356 2660.0450 279.6190 1.9053 7.8640 1.3478 12.0010
7987.52255458 1.004899 0.007292 2660.6070 279.5790 1.9005 5.6560 1.2624 12.0020
7987.52284028 1.007222 0.007308 2657.3750 278.7640 1.8957 6.2680 1.2016 12.0000
7987.52312567 1.006336 0.007315 2659.4140 278.5360 1.8910 6.3120 1.1415 12.0020
7987.52341679 0.999477 0.007268 2662.0230 278.8270 1.8861 6.8600 1.1888 12.0020
7987.52370774 0.999385 0.007232 2663.1920 279.1890 1.8813 5.0960 1.1760 12.0010
7987.52399583 0.998347 0.007323 2661.0250 279.2230 1.8766 6.6920 1.2730 12.0020
7987.52428524 0.991691 0.007338 2662.2610 280.6540 1.8719 7.2160 1.1920 12.0010
7987.52457420 0.997695 0.007299 2659.6610 280.1140 1.8673 7.1080 1.1845 12.0010
7987.52486361 0.986368 0.007284 2661.6500 281.3150 1.8626 7.9840 1.1768 12.0000
7987.52525487 1.003878 0.007307 2659.5530 279.1690 1.8559 6.9840 1.1650 12.0010
7987.52554208 1.002985 0.007317 2661.0450 278.5600 1.8518 6.4440 1.1237 12.0020
7987.52582500 0.998599 0.007323 2659.9370 278.3130 1.8473 7.8520 1.1721 12.0020
7987.52611912 0.994557 0.007324 2661.9500 278.3760 1.8428 7.0680 1.2426 12.0020
7987.52640408 0.997611 0.007258 2658.4900 278.9010 1.8383 7.0360 1.1801 12.0010
7987.52669086 1.014102 0.007499 2660.2860 278.2770 1.8339 7.3440 1.2391 12.0000
7987.52698991 1.006416 0.007379 2660.5620 279.1760 1.8293 7.7000 1.1425 12.0010
7987.52727870 1.008798 0.007429 2660.3790 278.0140 1.8249 7.5840 1.2098 12.0010
7987.52756357 1.004179 0.007337 2658.8450 277.6570 1.8204 6.7840 1.2310 12.0010
7987.52786146 1.002638 0.007372 2661.4240 279.0570 1.8160 7.5360 1.2333 12.0020
7987.52815774 1.001859 0.007239 2659.7050 280.4520 1.8116 6.2120 1.1253 12.0010
7987.52844132 1.000721 0.007233 2661.0580 281.2290 1.8073 6.5520 1.1181 12.0010
7987.52872862 0.994823 0.007215 2659.3500 278.2750 1.8031 6.4600 1.1845 12.0020
7987.52901841 0.993746 0.007206 2660.8960 278.8030 1.7987 6.3800 1.2870 12.0010
7987.52930462 0.996399 0.007218 2661.2680 278.1210 1.7946 6.7200 1.2049 12.0010
7987.52959349 1.000813 0.007308 2662.7180 279.0270 1.7904 6.9000 1.2568 12.0010
7987.52987828 1.000714 0.007246 2659.6010 279.2340 1.7861 5.9280 1.1280 12.0010
7987.53017736 0.998159 0.007328 2660.2550 279.4750 1.7819 7.5920 1.2107 12.0000
7987.53047174 1.003109 0.007267 2659.8820 279.3950 1.7777 6.4640 1.1346 12.0010
7987.53075650 0.992837 0.007282 2661.2640 280.6170 1.7736 7.3440 1.1894 12.0020
7987.53105024 1.003148 0.007274 2659.0780 277.6700 1.7696 6.9120 1.1812 12.0010
7987.53133329 1.005686 0.007415 2662.4780 278.2330 1.7655 7.7760 1.1991 12.0020
7987.53162162 1.001753 0.007249 2660.7510 278.8370 1.7615 7.0120 1.2140 12.0010
7987.53191253 0.997935 0.007273 2662.4550 279.5190 1.7573 7.2960 1.2045 12.0010
7987.53220787 0.995609 0.007275 2660.6760 280.0440 1.7533 7.2440 1.2286 12.0010
7987.53249191 0.997533 0.007261 2660.8970 280.2310 1.7494 6.9680 1.2202 12.0010
7987.53278978 1.001242 0.007317 2658.4300 277.5260 1.7453 6.9080 1.1874 12.0010
7987.53307373 1.007269 0.007301 2659.4840 278.3200 1.7413 5.7240 1.1834 12.0000
7987.53336974 0.998869 0.007294 2660.0590 279.6460 1.7374 7.3200 1.1941 12.0010
7987.53366571 0.995913 0.007282 2661.0370 280.8070 1.7335 7.8280 1.1637 12.0020
7987.53394866 1.000819 0.007331 2658.2280 277.2390 1.7296 7.3440 1.2405 12.0010
7987.53423762 1.005982 0.007249 2658.5050 277.0290 1.7258 6.3080 1.1386 12.0010
7987.53452903 1.000767 0.007236 2662.2410 283.7880 1.7219 5.5480 1.2157 12.0010
7987.53482219 0.997202 0.007233 2663.8540 284.6420 1.7181 6.8640 1.1148 12.0000
7987.53511196 0.995536 0.007254 2661.7400 279.7970 1.7142 7.5040 1.2189 12.0020
7987.53540783 1.000799 0.007232 2661.0720 279.2720 1.7104 6.2120 1.2638 12.0020
7987.53569578 1.004744 0.007266 2658.3570 277.3390 1.7067 5.7680 1.2087 12.0010
7987.53598454 0.999697 0.007204 2657.9680 278.6540 1.7030 5.0240 1.1374 12.0020
7987.53626845 0.993491 0.007241 2660.4750 279.1820 1.6993 7.1280 1.2171 12.0010
7987.53656640 0.996196 0.007263 2659.9690 280.2670 1.6955 7.3160 1.2051 12.0000
7987.53685278 1.001427 0.007291 2658.8540 278.7500 1.6920 7.0560 1.2341 12.0010
7987.53713903 0.993592 0.007259 2659.3330 279.1190 1.6883 6.9400 1.2908 12.0010
7987.53742441 1.000335 0.007249 2659.7150 279.0940 1.6847 6.7440 1.1590 12.0010
7987.53772253 1.010480 0.007312 2660.4530 278.6560 1.6810 7.0880 1.2257 12.0000
7987.53801999 0.994206 0.007235 2659.8310 278.2660 1.6774 6.0920 1.1715 12.0010
7987.53830253 0.995801 0.007216 2660.7840 279.5760 1.6739 6.9920 1.1829 12.0010
7987.53859787 1.001650 0.007319 2660.4680 278.3300 1.6703 7.3840 1.1224 12.0010
7987.53888071 1.002437 0.007293 2660.7720 279.7310 1.6668 6.6960 1.1471 12.0020
7987.53917620 0.992879 0.007189 2659.1150 279.2110 1.6633 6.0400 1.1999 12.0010
7987.53945944 1.001087 0.007267 2661.0000 279.9350 1.6598 6.7480 1.1771 12.0000
7987.53976295 0.993100 0.007185 2659.8620 278.3480 1.6563 6.2960 1.1721 12.0010
7987.54004062 0.993771 0.007203 2660.2410 278.4080 1.6528 7.0680 1.2686 12.0020
7987.54033937 0.994433 0.007187 2660.2000 278.4680 1.6493 5.5240 1.1324 12.0010
7987.54062574 1.000648 0.007238 2660.2440 278.3550 1.6460 6.3120 1.2410 12.0010
7987.54091758 1.000227 0.007217 2660.2850 278.6410 1.6425 5.9080 1.1987 12.0010
7987.54121337 1.000709 0.007203 2660.0400 279.1420 1.6391 5.6960 1.1386 12.0010
7987.54149978 1.008026 0.007252 2658.8860 279.0270 1.6357 6.7040 1.2014 12.0000
7987.54179487 0.995468 0.007174 2658.8830 279.5370 1.6323 5.5000 1.2454 12.0010
7987.54218962 0.997646 0.007162 2658.9520 278.5800 1.6275 6.2200 1.1866 12.0010
7987.54248091 0.997433 0.007191 2660.2230 279.2990 1.6245 6.9920 1.1460 12.0020
7987.54276850 0.998382 0.007217 2661.4380 277.6210 1.6212 6.8760 1.1923 12.0020
7987.54305857 0.995055 0.007162 2660.9810 278.3320 1.6180 5.8320 1.1293 12.0010
7987.54334799 1.000895 0.007188 2658.8520 280.4160 1.6148 5.8760 1.1775 12.0010
7987.54363620 1.002659 0.007205 2659.7080 280.7380 1.6115 6.0840 1.1655 12.0010
7987.54392728 0.995544 0.007181 2659.2710 277.9030 1.6083 5.3560 1.1751 12.0010
7987.54422157 1.000805 0.007257 2660.0430 279.3750 1.6051 7.0440 1.0518 12.0000
7987.54450691 0.999621 0.007238 2661.4990 279.6650 1.6019 6.9800 1.2173 12.0020
7987.54480541 0.996818 0.007231 2661.5730 280.4580 1.5987 6.6920 1.2180 12.0010
7987.54508828 0.996222 0.007245 2659.1010 279.5100 1.5956 6.4800 1.1813 12.0010
7987.54537237 1.001517 0.007226 2659.2120 279.7020 1.5925 6.5680 1.1863 12.0010
7987.54574428 1.000145 0.007207 2657.9010 276.8270 1.5882 6.1200 1.2143 12.0010
7987.54603270 0.991419 0.007154 2658.8760 277.2040 1.5854 6.1600 1.1835 12.0010
7987.54632175 0.994409 0.007173 2660.7500 279.2650 1.5824 6.6200 1.2537 12.0020
7987.54661136 1.001979 0.007195 2660.1160 278.7210 1.5793 5.4080 1.1616 12.0010
7987.54690382 0.998708 0.007159 2658.4540 277.9490 1.5763 5.0400 1.1357 12.0000
7987.54719145 0.999191 0.007174 2659.6130 278.3540 1.5733 5.0960 1.0863 12.0010
7987.54747882 1.000518 0.007191 2661.1770 278.7690 1.5703 6.1760 1.0914 12.0010
7987.54776858 1.001222 0.007188 2660.9730 279.5900 1.5673 5.5480 1.1415 12.0020
7987.54805787 0.996530 0.007159 2659.3760 279.4750 1.5643 5.0240 1.2077 12.0020
7987.54834820 0.991599 0.007181 2659.9910 279.9320 1.5613 5.7360 1.2173 12.0010
7987.54863720 0.982722 0.007194 2660.1460 278.1300 1.5584 6.3920 1.3031 12.0010
7987.54892570 0.998879 0.007176 2659.8720 279.1540 1.5554 5.6720 1.2136 12.0010
7987.54921624 1.003574 0.007221 2657.8610 279.1130 1.5525 5.2320 1.2195 12.0010
7987.54950520 1.004888 0.007230 2658.2620 279.7710 1.5496 5.2480 1.2163 12.0010
7987.54979403 1.005530 0.007274 2661.1830 279.2120 1.5468 5.7760 1.2413 12.0010
7987.55008370 0.997853 0.007182 2659.7610 278.4100 1.5439 5.3640 1.1987 12.0010
7987.55037199 1.001391 0.007192 2658.7940 278.2160 1.5410 6.2800 1.1503 12.0010
7987.55066179 0.995486 0.007168 2660.5010 278.9590 1.5382 5.7640 1.2229 12.0020
7987.55094512 1.000582 0.007171 2660.8000 279.5080 1.5354 5.0520 1.1788 12.0020
7987.55123528 0.998584 0.007147 2660.3180 278.6270 1.5326 5.5000 1.1509 12.0010
7987.55152016 0.999263 0.007154 2658.6270 277.0630 1.5298 4.8160 1.2200 12.0010
7987.55180687 1.001995 0.007184 2659.6000 277.5270 1.5271 5.5320 1.1470 12.0010
7987.55209686 0.996260 0.007152 2659.9800 279.5390 1.5243 5.7640 1.0779 12.0010
7987.55238024 1.000097 0.007146 2660.0010 279.2560 1.5215 4.7600 1.1129 12.0010
7987.55267608 1.000521 0.007167 2658.1080 277.8670 1.5188 5.5520 1.1226 12.0010
7987.55296537 0.999691 0.007157 2659.1590 278.5830 1.5161 5.1680 1.1613 12.0010
7987.55325653 1.003585 0.007194 2660.6990 280.4410 1.5133 5.6160 1.1176 12.0010
7987.55354269 0.999330 0.007143 2660.1730 280.3680 1.5107 5.4160 1.1223 12.0000
7987.55383370 1.001176 0.007184 2660.3440 277.9460 1.5080 5.5680 1.1697 12.0020
7987.55412928 1.003764 0.007176 2659.5210 278.4380 1.5053 5.4520 1.0436 12.0010
7987.55441312 0.996675 0.007159 2657.7630 278.5150 1.5026 5.7400 1.1837 12.0020
7987.55470020 1.000753 0.007175 2657.5690 278.8300 1.5000 5.7480 1.2081 12.0010
7987.55498961 0.996133 0.007160 2660.2170 279.3630 1.4974 5.9880 1.1659 12.0000
7987.55527949 1.004153 0.007170 2660.2940 280.1740 1.4948 5.7640 1.1664 12.0010
7987.55557466 0.996070 0.007127 2659.8080 279.0480 1.4920 5.1880 1.1412 12.0010
7987.55587200 0.998693 0.007130 2659.2140 279.2580 1.4894 5.3000 1.1595 12.0020
7987.55616012 1.001623 0.007142 2658.7810 278.5890 1.4869 5.4080 1.1602 12.0020
7987.55644986 0.995242 0.007121 2659.4440 278.8100 1.4843 4.9680 1.1817 12.0010
7987.55673891 0.999402 0.007132 2659.2730 278.5150 1.4817 5.3560 1.1424 12.0010
7987.55702716 1.002785 0.007137 2660.0640 278.6160 1.4792 5.8040 1.0815 12.0020
7987.55742158 1.000410 0.007136 2660.9960 279.2090 1.4755 5.6400 1.1193 12.0010
7987.55771003 0.992890 0.007092 2660.9060 278.8690 1.4733 5.1480 1.0794 12.0010
7987.55800153 0.998450 0.007125 2659.5040 278.4300 1.4707 5.2360 1.1689 12.0010
7987.55828783 1.003203 0.007132 2659.1550 278.5310 1.4683 5.2720 1.1460 12.0020
7987.55857753 0.998969 0.007096 2659.6040 279.0870 1.4658 5.4880 1.0893 12.0010
7987.55886878 1.005344 0.007142 2660.0390 279.0540 1.4633 4.6920 1.1377 12.0010
7987.55916050 0.993868 0.007083 2659.0840 277.5390 1.4609 4.6480 1.1137 12.0020
7987.55944711 1.002096 0.007112 2658.8270 278.3900 1.4584 5.3320 1.0245 12.0010
7987.55973732 0.998479 0.007127 2660.8050 279.4380 1.4560 5.3040 1.1657 12.0010
7987.56002545 1.000601 0.007130 2661.2450 279.5550 1.4536 4.6960 1.1290 12.0010
7987.56031640 0.996282 0.007104 2658.3110 278.9590 1.4512 4.3160 1.1467 12.0000
7987.56060341 0.995451 0.007137 2659.1200 278.9860 1.4488 5.7360 1.1663 12.0000
7987.56090033 0.998621 0.007140 2659.8000 279.0120 1.4464 6.0000 1.1461 12.0010
7987.56118241 1.000035 0.007142 2659.8390 278.6590 1.4441 5.9040 1.1459 12.0020
7987.56147462 1.004154 0.007140 2659.2800 278.1830 1.4417 5.2560 1.1679 12.0010
7987.56176032 0.994867 0.007123 2660.0270 278.0660 1.4394 5.3760 1.1171 12.0010
7987.56205099 0.992720 0.007107 2661.0140 278.1910 1.4370 6.0880 1.0949 12.0010
7987.56233924 0.993461 0.007111 2660.7200 278.7170 1.4347 5.3560 1.0776 12.0010
7987.56262670 0.993716 0.007117 2659.1740 279.9050 1.4324 6.3840 1.1677 12.0020
7987.56291232 0.992883 0.007098 2658.6310 279.9260 1.4302 4.9440 1.2410 12.0010
7987.56319774 0.994633 0.007080 2658.3280 278.3360 1.4279 4.5840 1.1251 12.0010
7987.56348682 0.994006 0.007084 2659.0190 279.7860 1.4257 5.5240 1.0604 12.0010
7987.56378236 0.986176 0.007058 2660.0250 279.0490 1.4233 5.3120 1.1888 12.0010
7987.56406736 0.995896 0.007092 2660.7360 279.7440 1.4210 4.9720 1.1027 12.0010
7987.56436529 0.989289 0.007055 2660.3370 279.6900 1.4188 4.8680 1.2030 12.0020
7987.56465637 0.998631 0.007115 2659.7840 279.4820 1.4166 4.6880 1.1404 12.0010
7987.56494645 0.996307 0.007108 2658.7600 277.4370 1.4143 4.7920 1.1898 12.0010
7987.56523303 0.991228 0.007078 2659.8710 277.3700 1.4121 5.0320 1.1137 12.0000
7987.56552337 0.986712 0.007059 2661.1700 279.4470 1.4099 4.7440 1.0878 12.0020
7987.56581070 0.992460 0.007095 2660.9070 279.5240 1.4078 5.1880 1.1600 12.0010
7987.56610207 0.989277 0.007055 2658.1930 278.2410 1.4056 5.4720 1.1250 12.0000
7987.56639878 0.991096 0.007073 2658.5950 278.5310 1.4034 5.0200 1.1352 12.0010
7987.56668482 0.995470 0.007122 2661.0360 279.2660 1.4012 5.5040 1.1541 12.0010
7987.56698603 0.996935 0.007083 2659.4350 279.3170 1.3989 4.7440 1.1273 12.0000
7987.56728462 0.991929 0.007079 2657.7480 278.1670 1.3967 4.7760 1.1720 12.0020
7987.56758391 0.992319 0.007096 2657.8590 278.3050 1.3946 6.0560 1.1130 12.0010
7987.56787991 0.989666 0.007080 2659.8850 278.0480 1.3924 5.1800 1.0694 12.0010
7987.56816632 0.985112 0.007057 2658.7760 277.5290 1.3903 5.1400 1.0953 12.0010
7987.56846503 0.987608 0.007050 2660.1150 280.4280 1.3881 5.1480 1.0373 12.0010
7987.56876444 0.987781 0.007062 2659.2160 280.6320 1.3860 4.8920 1.1206 12.0000
7987.56905445 0.990199 0.007086 2659.2140 278.1550 1.3840 4.9480 1.1942 12.0020
7987.56934153 0.989463 0.007089 2659.7340 278.1820 1.3819 6.0000 1.1640 12.0010
7987.56962682 0.996448 0.007111 2660.3000 278.0300 1.3799 4.8960 1.0658 12.0010
7987.56991012 0.987477 0.007073 2659.7220 278.4430 1.3779 5.2280 1.1764 12.0010
7987.57019924 0.986516 0.007069 2658.0580 279.1450 1.3759 5.9240 1.1862 12.0000
7987.57048970 0.993662 0.007112 2658.9170 278.6680 1.3738 5.4560 1.1216 12.0010
7987.57077658 0.992210 0.007118 2660.6320 278.3400 1.3718 5.5560 1.1774 12.0020
7987.57105995 0.986540 0.007086 2660.3150 278.3670 1.3698 4.9160 1.1467 12.0020
7987.57135866 0.981695 0.007085 2659.5280 280.2720 1.3678 5.2760 1.1497 12.0010
7987.57164549 0.966860 0.006946 2658.9230 280.6660 1.3658 6.0080 1.1749 12.0010
7987.57193504 0.981652 0.007047 2659.0050 278.3860 1.3639 5.3080 1.1650 12.0010
7987.57222357 0.989200 0.007070 2659.1170 279.5210 1.3619 4.7720 1.1520 12.0010
7987.57251737 0.989202 0.007063 2659.7120 279.0240 1.3599 5.5280 1.1111 12.0010
7987.57281587 0.982120 0.007066 2660.4840 279.2080 1.3579 4.9440 1.2222 12.0010
7987.57319658 0.984229 0.007052 2660.8370 277.8570 1.3551 4.9840 1.1282 12.0010
7987.57348604 0.987449 0.007072 2660.3880 277.9590 1.3534 5.0920 1.1462 12.0020
7987.57377641 0.992320 0.007064 2658.2090 279.0380 1.3515 4.6000 1.1641 12.0010
7987.57406499 0.987989 0.007099 2657.6750 278.3170 1.3496 5.2320 1.1587 12.0010
7987.57435337 0.980769 0.007056 2659.4300 277.1560 1.3477 6.1080 1.1666 12.0010
7987.57464324 0.983685 0.007063 2658.9480 277.6220 1.3458 5.2960 1.2176 12.0010
7987.57493157 0.988929 0.007083 2659.6740 280.0990 1.3440 5.6280 1.0886 12.0010
7987.57522216 0.986664 0.007068 2658.9350 279.7560 1.3421 5.5200 1.1765 12.0000
7987.57550970 0.983848 0.007058 2658.5860 277.8690 1.3402 5.3200 1.0825 12.0010
7987.57580096 0.990219 0.007087 2658.8350 278.5830 1.3383 5.2600 1.1759 12.0020
7987.57608974 0.985138 0.007059 2660.6970 279.3420 1.3365 5.9120 1.1075 12.0010
7987.57637883 0.980587 0.007049 2660.5520 279.6750 1.3347 5.1640 1.1904 12.0020
7987.57667483 0.992094 0.007115 2659.2530 278.0820 1.3328 4.9200 1.1530 12.0010
7987.57695874 0.986622 0.007087 2658.9000 278.5870 1.3310 5.5760 1.1414 12.0010
7987.57725428 0.987310 0.007075 2658.5970 278.4290 1.3292 5.0640 1.1050 12.0010
7987.57754082 0.984166 0.007066 2658.7020 279.4470 1.3274 6.0560 1.1048 12.0010
7987.57783762 0.983698 0.007074 2659.6520 279.6310 1.3256 5.6080 1.0899 12.0010
7987.57812653 0.982711 0.007068 2659.6230 279.1290 1.3238 6.0080 1.1890 12.0010
7987.57841653 0.984014 0.007060 2659.8800 278.0210 1.3220 5.7440 1.1344 12.0010
7987.57870478 0.980156 0.007062 2660.2250 278.0390 1.3203 5.2640 1.1811 12.0010
7987.57899629 0.991576 0.007095 2658.4250 278.4620 1.3185 5.3200 1.2132 12.0020
7987.57928316 0.987420 0.007065 2658.9060 278.4840 1.3168 5.1680 1.0841 12.0020
7987.57957328 0.985463 0.007095 2659.9930 279.1330 1.3150 6.4600 1.1487 12.0010
7987.57986294 0.983189 0.007053 2659.6200 279.6840 1.3133 5.4840 1.1060 12.0010
7987.58015216 0.977878 0.007043 2659.5970 278.9020 1.3115 5.0920 1.1170 12.0010
7987.58044165 0.991464 0.007115 2659.3880 278.4630 1.3098 5.3480 1.1240 12.0000
7987.58073058 0.979709 0.007092 2658.2470 277.8280 1.3081 4.9040 1.0999 12.0020
7987.58101316 0.982692 0.007144 2659.7730 278.6270 1.3064 5.3520 1.1039 12.0010
7987.58131007 0.988552 0.007243 2661.6150 280.0330 1.3047 4.8880 1.0416 12.0010
7987.58159404 0.985840 0.007247 2661.2750 279.9790 1.3031 5.3280 1.1757 12.0010
7987.58188412 0.988472 0.007303 2658.7260 277.4340 1.3014 5.5440 1.1584 12.0010
7987.58216671 0.984294 0.007341 2657.7180 277.6380 1.2997 5.6000 1.1332 12.0020
7987.58245649 0.976977 0.007326 2658.5760 280.5010 1.2981 5.7200 1.0055 12.0010
7987.58274570 0.989435 0.007534 2659.3150 280.4930 1.2964 5.3880 1.0804 12.0010
7987.58303437 0.984428 0.007522 2661.1010 278.5730 1.2948 5.1440 1.0312 12.0010
7987.58332491 0.989556 0.007640 2661.1120 279.1670 1.2932 4.7920 1.1398 12.0010
7987.58361215 0.982115 0.007561 2659.8470 278.5620 1.2916 5.2880 1.0977 12.0010
7987.58390155 0.987917 0.007530 2659.2990 278.1530 1.2899 5.9960 1.0555 12.0020
7987.58418541 0.982985 0.007493 2658.7510 278.2590 1.2883 5.0360 1.1032 12.0010
7987.58448467 0.985725 0.007477 2659.0080 278.4860 1.2866 5.8200 1.0818 12.0020
7987.58478424 0.981291 0.007518 2660.0680 278.6630 1.2850 5.3680 1.1119 12.0010
7987.58508304 0.981832 0.007509 2659.2920 278.8580 1.2834 4.9440 1.1048 12.0000
7987.58538228 0.981364 0.007508 2658.4540 279.1000 1.2818 5.2320 1.1772 12.0010
7987.58566628 0.985415 0.007537 2658.6080 278.8830 1.2801 5.5120 1.0409 12.0010
7987.58596229 0.984795 0.007511 2659.7820 278.3260 1.2786 5.2000 1.0948 12.0010
7987.58625191 0.985663 0.007518 2659.3930 278.4000 1.2770 5.3200 1.1101 12.0010
7987.58654162 0.983717 0.007516 2658.8360 278.3200 1.2755 5.4400 1.0736 12.0010
7987.58682978 0.988687 0.007485 2659.0520 278.3140 1.2739 5.4480 1.0814 12.0010
7987.58712082 0.978115 0.007425 2659.8240 278.5170 1.2724 5.6960 1.1668 12.0010
7987.58742159 0.982495 0.007480 2658.7330 278.6230 1.2708 5.5800 1.0880 12.0020
7987.58771884 0.982783 0.007451 2659.5960 279.5030 1.2692 5.3520 1.0589 12.0020
7987.58800378 0.984539 0.007477 2659.4920 280.1180 1.2677 5.4960 1.1615 12.0010
7987.58830354 0.985079 0.007461 2658.7010 279.1410 1.2661 5.2240 1.0527 12.0010
7987.58860191 0.984879 0.007857 2658.1920 278.7040 1.2646 6.1840 1.0329 12.0010
7987.58889008 0.982412 0.007698 2660.4550 278.0570 1.2632 5.9520 1.1588 12.0010
7987.58918066 0.985471 0.007719 2660.6680 278.1770 1.2616 5.6680 1.1084 12.0010
7987.58946970 0.985020 0.007611 2659.4830 278.8030 1.2602 5.6520 1.1023 12.0010
7987.58976000 0.989039 0.007421 2659.2960 278.9730 1.2587 5.0760 1.0948 12.0010
7987.59005049 0.980032 0.007282 2660.3170 279.3220 1.2572 5.9640 1.0834 12.0010
7987.59033775 0.983573 0.007239 2659.1080 278.9030 1.2557 5.5480 1.1413 12.0010
7987.59062812 0.987195 0.007223 2658.2230 277.8930 1.2543 5.5960 1.0959 12.0010
7987.59091734 0.990260 0.007224 2659.5680 278.6850 1.2529 5.9280 1.1322 12.0020
7987.59120645 0.986343 0.007311 2661.1960 279.9400 1.2514 5.6160 1.1311 12.0010
7987.59149457 0.986318 0.007395 2660.2060 279.8870 1.2500 6.2280 1.1064 12.0010
7987.59178478 0.978672 0.007206 2658.3340 277.5940 1.2486 6.2960 1.1066 12.0000
7987.59218999 0.984111 0.007116 2659.5730 279.4470 1.2464 6.1520 1.1581 12.0010
7987.59247920 0.983947 0.007093 2659.9290 279.8940 1.2452 6.0280 1.0628 12.0010
7987.59276850 0.988078 0.007109 2660.3180 278.0900 1.2438 5.8680 1.0576 12.0020
7987.59306037 0.980880 0.007075 2659.9130 277.9740 1.2424 6.0200 1.1859 12.0010
7987.59334829 0.982519 0.007074 2658.9640 278.8260 1.2410 5.7640 1.1307 12.0010
7987.59363357 0.988717 0.007070 2658.0490 279.2890 1.2396 5.1840 0.9735 12.0010
7987.59392295 0.986408 0.007076 2658.5080 278.6720 1.2383 5.7120 1.1770 12.0010
7987.59420699 0.985865 0.007077 2658.8290 277.8420 1.2369 5.7800 1.1212 12.0010
7987.59450620 0.982138 0.007063 2660.6480 275.8780 1.2355 5.9160 1.1583 12.0010
7987.59479401 0.986631 0.007080 2659.8800 276.7750 1.2342 5.6800 1.1289 12.0020
7987.59508453 0.981151 0.007063 2660.0210 280.4320 1.2328 5.4920 1.0984 12.0010
7987.59537953 0.982855 0.007050 2659.5620 280.4130 1.2314 5.6160 1.0376 12.0010
7987.59566641 0.983867 0.007059 2658.7080 279.6740 1.2301 5.7080 1.1821 12.0010
7987.59596253 0.979538 0.007056 2658.4550 279.7300 1.2287 5.2920 1.1804 12.0010
7987.59624653 0.987183 0.007078 2659.9010 278.5880 1.2274 5.7640 1.1503 12.0010
7987.59653724 0.987013 0.007059 2659.5190 278.2500 1.2261 5.4880 1.0237 12.0010
7987.59682279 0.981479 0.007062 2659.1410 277.6640 1.2248 6.1120 1.0543 12.0020
7987.59712137 0.981979 0.007062 2658.8530 277.6240 1.2235 5.8120 1.0825 12.0010
7987.59742236 0.986195 0.007081 2659.1850 279.1470 1.2221 6.1080 1.2180 12.0010
7987.59771841 0.983484 0.007065 2659.7580 279.2810 1.2208 6.4640 1.1300 12.0010
7987.59800487 0.977374 0.007036 2660.4500 279.2320 1.2195 5.8240 1.0884 12.0010
7987.59830225 0.983095 0.007032 2660.2160 279.2120 1.2182 5.1200 1.0852 12.0010
7987.59859225 0.984307 0.007065 2658.4020 278.6640 1.2169 5.1640 1.1663 12.0020
7987.59888078 0.984097 0.007072 2659.1670 278.5480 1.2157 5.1840 1.1439 12.0010
7987.59916908 0.990653 0.007075 2660.6330 278.1400 1.2144 5.2200 1.0878 12.0010
7987.59945980 0.982206 0.007050 2659.9540 277.9460 1.2131 5.6360 1.1505 12.0020
7987.59974623 0.983036 0.007051 2659.2560 278.9380 1.2119 5.1080 1.0512 12.0010
7987.60003624 0.989260 0.007060 2659.5030 280.3280 1.2107 4.5440 1.0651 12.0010
7987.60033566 0.988152 0.007051 2658.5490 279.2110 1.2094 4.7160 1.0993 12.0010
7987.60062411 0.986950 0.007058 2659.0040 278.7810 1.2081 5.0200 1.1023 12.0000
7987.60091275 0.983173 0.007040 2660.2930 278.9010 1.2069 5.5080 1.1028 12.0020
7987.60119823 0.980809 0.007044 2659.7560 278.6820 1.2057 5.3320 1.1793 12.0010
7987.60149682 0.982157 0.007038 2659.3940 277.4900 1.2045 5.8240 1.1014 12.0010
7987.60178262 0.979893 0.007037 2658.8230 277.7940 1.2033 5.1680 1.1820 12.0010
7987.60207424 0.983284 0.007047 2658.4650 279.0610 1.2021 5.5960 1.1398 12.0000
7987.60236945 0.982475 0.007029 2659.1040 279.0830 1.2009 5.7800 1.1120 12.0010
7987.60265750 0.977493 0.007023 2659.1430 278.2250 1.1996 5.3040 1.0991 12.0020
7987.60295495 0.984927 0.007060 2660.4120 277.9630 1.1984 5.9760 1.1449 12.0010
7987.60334792 0.988892 0.007081 2660.1850 280.4350 1.1967 5.4000 1.0839 12.0020
7987.60372058 0.985273 0.007060 2659.2010 277.6180 1.1952 5.6000 1.1213 12.0010
7987.60401961 0.990367 0.007092 2659.4980 276.6400 1.1941 6.7560 1.1467 12.0010
7987.60430687 0.983048 0.007039 2658.0380 277.7230 1.1930 5.5240 1.0772 12.0010
7987.60459707 0.981792 0.007045 2658.8850 277.4040 1.1918 5.7040 1.1061 12.0010
7987.60489711 0.979943 0.007030 2660.1320 279.7120 1.1907 5.4520 1.1188 12.0010
7987.60518634 0.983870 0.007043 2660.2400 280.4450 1.1895 5.7320 1.0405 12.0020
7987.60547579 0.984575 0.007055 2659.7400 279.1480 1.1884 5.8160 1.1210 12.0020
7987.60576407 0.989531 0.007056 2659.0030 278.8260 1.1872 5.1160 1.0759 12.0010
7987.60605212 0.981956 0.007028 2657.8960 278.3540 1.1861 5.2480 1.0804 12.0000
7987.60633745 0.987299 0.007038 2658.8530 278.8160 1.1850 5.8680 1.0664 12.0010
7987.60663453 0.984123 0.007038 2660.3200 278.9530 1.1839 4.4920 1.0532 12.0010
7987.60692271 0.981782 0.007023 2660.3930 279.1930 1.1828 5.8160 1.0318 12.0020
7987.60721233 0.983015 0.007040 2660.6220 278.0030 1.1817 6.0360 1.1094 12.0020
7987.60750753 0.981877 0.007043 2659.8360 279.0530 1.1805 5.4040 1.1111 12.0010
7987.60780999 0.985852 0.007049 2658.7190 278.9020 1.1794 6.1440 1.0780 12.0010
7987.60809753 0.979931 0.007039 2659.1480 279.5760 1.1783 4.5240 1.1304 12.0010
7987.60839537 0.984498 0.007053 2659.2220 279.5690 1.1772 5.3080 1.0783 12.0000
7987.60868879 0.979688 0.007025 2658.8370 279.5180 1.1761 5.1520 0.9950 12.0020
7987.60897820 0.987932 0.007060 2659.2390 278.8830 1.1751 5.0320 1.0596 12.0010
7987.60926237 0.982553 0.007047 2660.3160 278.1980 1.1740 4.7040 1.0301 12.0010
7987.60955086 0.983502 0.007055 2659.5370 278.0730 1.1730 5.1760 1.1458 12.0010
7987.60983899 0.979027 0.007030 2659.6470 278.0350 1.1719 4.8240 1.0168 12.0000
7987.61013141 0.985084 0.007056 2661.1090 279.1970 1.1708 5.1080 1.0612 12.0020
7987.61042807 0.980477 0.007044 2659.6810 278.9720 1.1698 5.2480 1.0833 12.0010
7987.61071191 0.973786 0.007021 2658.0320 278.9310 1.1687 5.6920 1.1485 12.0010
7987.61100754 0.983423 0.007064 2658.1080 279.2920 1.1677 5.7680 1.0801 12.0020
7987.61129815 0.980013 0.007048 2658.9510 278.3160 1.1667 6.0680 1.0416 12.0010
7987.61158833 0.987121 0.007100 2659.3710 278.3340 1.1656 5.7240 1.1175 12.0000
7987.61188409 0.986171 0.007142 2660.0490 278.6920 1.1646 6.5720 1.0256 12.0020
7987.61217003 0.982681 0.007127 2659.5300 279.1670 1.1636 6.3960 0.9648 12.0010
7987.61247990 0.982288 0.007150 2657.7760 278.1430 1.1625 5.7080 1.0509 12.0010
7987.61276982 0.982936 0.007231 2657.8740 277.7510 1.1615 5.5440 1.0325 12.0010
7987.61305628 0.987446 0.007294 2659.6860 279.0930 1.1605 5.8680 1.0990 12.0010
7987.61334375 0.982319 0.007120 2659.3430 278.8650 1.1595 4.8280 1.1316 12.0010
7987.61362875 0.983674 0.007105 2660.7180 277.9030 1.1585 6.2880 1.0827 12.0020
7987.61392432 0.983582 0.007061 2659.0920 278.4280 1.1576 5.2840 1.0289 12.0010
7987.61429887 0.984931 0.007089 2658.5660 280.7370 1.1562 5.6840 1.0092 12.0010
7987.61459749 0.979601 0.007047 2658.3740 281.0000 1.1553 5.1640 1.0269 12.0010
7987.61489445 0.988608 0.007080 2659.0670 276.9650 1.1543 5.1000 1.0805 12.0010
7987.61518108 0.978759 0.007066 2659.8210 276.3530 1.1534 5.5000 1.0731 12.0000
7987.61546478 0.981524 0.007052 2660.0490 278.9590 1.1524 5.3600 1.0979 12.0010
7987.61575315 0.978745 0.007033 2659.6260 278.8170 1.1515 6.7040 1.0725 12.0010
7987.61604837 0.985302 0.007050 2659.4210 278.9920 1.1505 6.0200 1.0513 12.0010
7987.61635154 0.987782 0.007053 2659.2440 278.9250 1.1495 5.3120 1.0595 12.0020
7987.61664104 0.984758 0.007032 2658.8200 278.4880 1.1486 5.6880 1.0671 12.0010
7987.61692920 0.983600 0.007047 2658.8570 278.6410 1.1476 5.4360 1.0037 12.0000
7987.61723299 0.980670 0.007045 2659.1320 278.7460 1.1467 5.8960 1.0783 12.0010
7987.61752000 0.981580 0.007087 2660.2260 279.1570 1.1458 6.3200 1.0459 12.0010
7987.61780424 0.984756 0.007120 2659.8520 279.2400 1.1449 5.1320 1.0345 12.0000
7987.61809186 0.982050 0.007037 2660.4490 279.1740 1.1440 4.5080 0.9906 12.0010
7987.61837512 0.980107 0.007027 2659.2780 278.6220 1.1431 5.6280 1.0811 12.0000
7987.61867061 0.986102 0.007047 2659.5720 279.0450 1.1421 5.5720 1.0318 12.0010
7987.61895996 0.983118 0.007021 2659.7460 279.0200 1.1413 5.5760 1.0105 12.0020
7987.61925008 0.981884 0.007022 2659.8850 279.8280 1.1404 5.7120 1.0173 12.0010
7987.61954904 0.985159 0.007060 2659.7790 279.3210 1.1394 5.2960 1.0578 12.0020
7987.61983316 0.982133 0.007044 2659.5800 279.5830 1.1386 5.3240 0.9743 12.0010
7987.62013229 0.982103 0.007061 2659.0680 278.5220 1.1376 5.9400 0.9933 12.0000
7987.62043104 0.977871 0.007054 2659.2200 278.6590 1.1368 5.9440 1.0925 12.0010
7987.62071574 0.986563 0.007050 2658.7870 277.7080 1.1359 6.2280 1.0320 12.0020
7987.62100341 0.983737 0.007032 2658.0740 277.1610 1.1350 4.9560 1.0086 12.0010
7987.62128849 0.987989 0.007057 2658.2720 278.0720 1.1342 6.2080 0.9781 12.0010
7987.62158161 0.981199 0.007038 2658.6030 278.5450 1.1333 5.8040 1.0480 12.0010
7987.62187683 0.993775 0.007073 2659.5310 278.8780 1.1325 5.1320 1.0098 12.0010
7987.62216496 0.982501 0.007021 2659.6700 279.6200 1.1316 4.9920 1.0913 12.0020
7987.62246320 0.982981 0.007061 2660.1520 279.6500 1.1307 6.1840 1.0407 12.0010
7987.62274878 0.986818 0.007048 2659.5290 279.4750 1.1299 5.6720 1.0855 12.0010
7987.62304675 0.982858 0.007036 2657.3720 277.9730 1.1291 5.9600 1.0233 12.0010
7987.62334199 0.982281 0.007020 2657.6280 277.7250 1.1282 5.1280 1.0289 12.0010
7987.62362828 0.984359 0.007057 2660.8940 278.5740 1.1274 6.1120 1.0208 12.0000
7987.62392750 0.982662 0.007041 2659.3670 278.3160 1.1265 5.8400 0.9570 12.0010
7987.62422088 0.981196 0.007027 2656.7930 278.9890 1.1257 5.7600 0.9956 12.0020
7987.62450790 0.984285 0.007060 2657.6990 279.2550 1.1249 5.5520 1.0426 12.0010
7987.62480199 0.983368 0.007050 2661.6030 278.3840 1.1241 6.1400 1.0946 12.0010
7987.62508778 0.991388 0.007078 2661.8110 278.5080 1.1233 5.7520 1.0746 12.0010
7987.62538619 0.982240 0.007034 2658.7680 278.7060 1.1225 5.2720 1.0125 12.0000
7987.62568033 0.986550 0.007051 2658.5430 277.9520 1.1217 5.5120 1.0517 12.0010
7987.62596746 0.982482 0.007060 2659.7730 278.5980 1.1209 5.5480 1.0677 12.0010
7987.62626587 0.981786 0.007037 2658.5880 278.0270 1.1201 5.2080 1.1142 12.0010
7987.62655400 0.983974 0.007042 2657.5730 278.1450 1.1193 4.8000 1.0534 12.0020
7987.62684150 0.984175 0.007057 2658.2850 278.5920 1.1185 4.8840 1.0371 12.0010
7987.62724461 0.983334 0.007059 2659.8280 279.6920 1.1174 5.6600 1.0832 12.0000
7987.62753557 0.980120 0.007034 2660.3790 279.0320 1.1167 5.7480 1.0254 12.0010
7987.62782182 0.986024 0.007074 2660.8110 278.0840 1.1159 5.7680 1.1148 12.0010
7987.62811498 0.981908 0.007046 2659.9160 278.1730 1.1152 6.1920 1.0019 12.0010
7987.62841342 0.981106 0.007004 2657.4480 279.4300 1.1144 4.5480 1.0232 12.0020
7987.62869920 0.981775 0.007034 2657.0220 278.3030 1.1136 5.2680 1.0022 12.0010
7987.62899537 0.985675 0.007053 2659.2820 277.3060 1.1129 5.8000 0.9938 12.0010
7987.62929258 0.989938 0.007085 2659.2700 277.5940 1.1121 5.4280 1.0551 12.0010
7987.62957869 0.984504 0.007033 2658.8910 279.6870 1.1114 5.4680 1.0013 12.0010
7987.62987594 0.984645 0.007054 2659.0380 278.9180 1.1106 6.4040 1.0625 12.0010
7987.63017182 0.985579 0.007051 2659.9920 277.4370 1.1099 5.9040 1.0173 12.0010
7987.63045619 0.979776 0.007044 2659.7310 277.2730 1.1092 5.6240 1.0719 12.0000
7987.63075446 0.985316 0.007060 2658.1030 278.8890 1.1084 5.3960 1.0267 12.0010
7987.63104074 0.986197 0.007041 2658.1020 278.7250 1.1077 6.2920 1.0680 12.0010
7987.63133554 0.986570 0.007040 2658.7320 278.7130 1.1070 5.2720 1.0598 12.0020
7987.63162962 0.985691 0.007012 2658.9560 278.6490 1.1063 5.5480 0.9729 12.0010
7987.63191511 0.982662 0.007030 2658.9650 278.3380 1.1056 5.1640 1.0301 12.0010
7987.63221367 0.984292 0.007027 2659.8240 278.5470 1.1049 5.5960 0.9779 12.0010
7987.63251349 0.982354 0.007018 2660.6890 279.1380 1.1042 4.9080 1.0212 12.0000
7987.63281074 0.978334 0.007007 2659.8910 279.8470 1.1035 4.9480 1.0544 12.0010
7987.63309701 0.979923 0.006997 2658.3050 278.7380 1.1028 5.4960 1.0096 12.0020
7987.63339467 0.982696 0.007019 2658.5960 278.5530 1.1021 6.0040 1.0564 12.0020
7987.63369158 0.985140 0.007019 2658.6680 278.5380 1.1014 5.4920 0.8925 12.0010
7987.63397753 0.986148 0.007036 2658.7000 278.3760 1.1007 5.0320 0.9946 12.0010
7987.63426982 0.983103 0.007033 2659.2630 278.6470 1.1000 5.9600 1.0528 12.0000
7987.63455746 0.983232 0.006995 2658.3210 277.8690 1.0994 5.4280 1.0334 12.0020
7987.63485055 0.985133 0.007030 2659.0820 278.0020 1.0987 6.3160 1.0188 12.0020
7987.63515070 0.986877 0.007041 2658.4990 277.4730 1.0980 6.2960 0.9740 12.0010
7987.63545449 0.985593 0.007017 2658.6110 278.8050 1.0973 5.1400 0.9572 12.0010
7987.63575357 0.982401 0.007030 2659.1890 279.5230 1.0966 5.2600 0.9829 12.0010
7987.63605207 0.985827 0.007034 2659.7230 278.8940 1.0960 4.9800 0.9628 12.0000
7987.63633958 0.983857 0.007044 2659.6030 278.6210 1.0954 5.4000 0.9888 12.0000
7987.63662967 0.989477 0.007055 2658.9800 279.2600 1.0947 6.0400 0.9424 12.0020
7987.63691641 0.985714 0.007036 2658.4010 278.1580 1.0941 5.4040 1.0670 12.0010
7987.63721395 0.986554 0.007072 2658.5150 277.0690 1.0934 5.3040 0.9782 12.0010
7987.63751045 0.985236 0.007050 2658.8120 277.0650 1.0928 4.7080 0.9867 12.0010
7987.63779800 0.992300 0.007091 2660.3070 278.6900 1.0922 5.4200 0.9578 12.0000
7987.63808779 0.988317 0.007074 2660.5650 280.4490 1.0916 5.7880 0.9498 12.0020
7987.63837303 0.984727 0.007004 2658.8610 279.7310 1.0909 5.7320 1.0378 12.0010
7987.63867207 0.984005 0.007012 2658.7650 280.5570 1.0903 5.8000 0.9468 12.0000
7987.63896917 0.985353 0.007003 2658.2900 279.0440 1.0897 5.7240 0.9353 12.0020
7987.63925461 0.984066 0.007013 2658.4840 279.0530 1.0891 5.3160 0.9430 12.0010
7987.63955237 0.981364 0.006975 2658.6940 277.7640 1.0885 5.8120 0.9787 12.0000
7987.63984783 0.984492 0.006996 2658.6660 278.1300 1.0879 5.0080 0.9501 12.0020
7987.64013645 0.990335 0.007023 2659.6250 278.4580 1.0873 4.9760 0.9777 12.0010
7987.64042416 0.988284 0.007018 2659.4020 278.5410 1.0867 4.7920 0.9860 12.0010
7987.64072716 0.982736 0.006987 2658.1980 278.4040 1.0861 5.5800 0.9078 12.0010
7987.64101474 0.985094 0.006982 2658.3960 278.2830 1.0855 5.3280 0.9343 12.0010
7987.64131357 0.985368 0.006987 2659.8730 278.3460 1.0849 5.2400 0.9271 12.0010
7987.64161338 0.983223 0.006970 2660.1430 278.5000 1.0843 5.3000 0.9614 12.0020
7987.64190903 0.987838 0.006993 2658.9380 278.5450 1.0837 5.1200 0.9784 12.0010
7987.64219540 0.987488 0.006994 2659.0300 278.4930 1.0832 4.9160 0.9938 12.0010
7987.64249378 0.983094 0.006951 2658.6990 278.3900 1.0826 4.4200 0.9226 12.0010
7987.64279220 0.987838 0.006985 2658.7360 278.2240 1.0820 4.4840 0.9684 12.0010
7987.64308982 0.986428 0.006991 2659.2570 278.6730 1.0815 4.9440 0.9326 12.0010
7987.64337634 0.986545 0.006993 2659.4480 278.7710 1.0809 4.9320 0.9020 12.0020
7987.64366512 0.986826 0.006998 2660.2300 276.3650 1.0804 4.9480 0.9476 12.0010
7987.64395286 0.986884 0.006999 2660.2640 276.6470 1.0798 5.4880 0.9787 12.0010
7987.64425324 0.983261 0.006959 2658.4790 279.1350 1.0793 4.8920 0.9420 12.0010
7987.64455383 0.982476 0.006970 2658.6500 278.9530 1.0787 5.2040 0.9643 12.0000
7987.64485174 0.984029 0.006973 2658.5460 278.5420 1.0782 4.5520 0.9412 12.0000
7987.64514859 0.981420 0.006949 2658.8230 278.2660 1.0776 4.6520 0.9204 12.0020
7987.64543907 0.989521 0.007011 2659.5270 278.5610 1.0771 5.2280 0.9329 12.0010
7987.64573124 0.981492 0.006972 2659.1930 278.0380 1.0766 5.5960 0.9776 12.0010
7987.64602129 0.982576 0.006963 2658.1930 278.1180 1.0761 4.8960 0.9821 12.0010
7987.64631207 0.985463 0.006977 2658.6480 278.1660 1.0755 5.0360 0.9266 12.0010
7987.64661036 0.987087 0.006993 2659.4560 279.0690 1.0750 5.5080 0.9848 12.0000
7987.64689754 0.988570 0.006986 2659.5160 279.3070 1.0745 4.9920 0.9070 12.0010
7987.64719070 0.985134 0.006984 2659.3680 279.9900 1.0740 5.6240 0.9437 12.0020
7987.64748529 0.988792 0.007003 2658.8090 279.6160 1.0735 5.6440 0.8877 12.0010
7987.64777119 0.988734 0.006983 2658.8930 278.2290 1.0730 5.1640 0.8575 12.0000
7987.64806958 0.990339 0.006989 2658.4380 277.8360 1.0725 4.8520 0.9158 12.0010
7987.64837040 0.985773 0.006978 2658.3180 278.7760 1.0720 4.7320 0.8828 12.0010
7987.64867005 0.979570 0.006982 2658.7360 278.0420 1.0715 6.5800 0.8844 12.0020
7987.64897242 0.984771 0.006988 2659.2470 277.0750 1.0710 5.4400 0.9375 12.0020
7987.64926991 0.985483 0.006982 2659.5110 276.9020 1.0705 4.7120 0.8758 12.0010
7987.64955120 0.980184 0.006951 2659.2610 279.0360 1.0700 5.0840 0.8548 12.0010
