#time           flux       flux_err
  260.245634152    14.40491     1.18654 
  260.266067085     8.53110     1.18621 
  260.286499918    10.22350     1.18648 
  260.306932951    13.43389     1.18693 
  260.327365883    10.49076     1.18623 
  260.347798716    10.45216     1.18661 
  260.388664679    10.02054     1.18611 
  260.409097511    12.35667     1.18661 
  260.449963473     8.83109     1.18576 
  260.470396303     6.84857     1.18539 
  260.490829234     8.59825     1.18565 
  260.511262264    12.47523     1.18612 
  260.531695094     5.74174     1.18529 
  261.226414449   -22.32030     1.18053 
  261.246847370   -21.44497     1.18048 
  261.267280190   -23.11398     1.18035 
  261.287713210   -22.18049     1.18002 
  261.308146130   -22.16581     1.18043 
  261.328579049   -23.84354     1.18013 
  261.349011868   -22.46020     1.18044 
  261.369444887   -20.18267     1.18121 
  261.389877806   -25.58885     1.17980 
  261.410310624   -27.08790     1.17956 
  261.430743642   -27.39056     1.17953 
  261.451176560   -28.81543     1.17948 
  261.492042395   -30.34374     1.17908 
  261.512475312   -33.21430     1.17854 
  261.532908129   -29.66079     1.17929 
  262.227627144   -33.50210     1.17840 
  262.248059952   -29.96887     1.17895 
  262.268492959   -31.00384     1.17884 
  262.288925767   -30.76006     1.17877 
  262.309358673   -30.16586     1.17890 
  262.329791580   -29.42110     1.17896 
  262.350224486   -31.88610     1.17861 
  262.370657392   -30.41907     1.17884 
  262.391090298   -30.72306     1.17867 
  262.411523204   -24.10208     1.18106 
  262.431956109   -21.45057     1.18000 
  262.452389014   -26.78756     1.17923 
  262.472822019   -27.46189     1.17906 
  262.493254823   -26.36999     1.17916 
  262.513687728   -23.92812     1.17956 
  262.534120532   -27.18751     1.17908 
  263.208406218    22.36992     1.18585 
  263.228839113    20.81805     1.18570 
  263.249272008    23.11167     1.18614 
  263.269704903    30.58512     1.18751 
  263.290137797    27.18556     1.18662 
  263.310570791    27.18075     1.18649 
  263.331003585    27.23830     1.18654 
  263.351436479    28.26802     1.18679 
  263.371869272    27.57155     1.18646 
  263.392302265    29.00273     1.18664 
  263.412735158    28.24605     1.18658 
  263.433168051    29.04204     1.18656 
  263.453600943    30.32969     1.18696 
  263.474033835    29.64931     1.18671 
  263.494466727    32.23145     1.18699 
  263.514899619    32.79789     1.18718 
  264.209617581    17.61121     1.18535 
  264.230050563    14.67644     1.18493 
  264.250482946    17.68850     1.18520 
  264.270915628    14.20071     1.18489 
  264.291348610    14.58564     1.18502 
  264.311781492    10.88822     1.18438 
  264.332214273    10.83895     1.18431 
  264.352647254    11.50643     1.18450 
  264.393512916     6.59421     1.18381 
  264.413945796     5.24058     1.18370 
  264.434378776     3.64903     1.18335 
  264.475244436     4.54268     1.18352 
  264.495677415     4.19031     1.18341 
  264.516110194    -0.61074     1.18286 
  264.536543073     1.15308     1.18327 
  265.210827834   -22.51756     1.18005 
  265.231260705   -23.99322     1.17991 
  265.251693575   -21.45911     1.18013 
  265.272126445   -22.93993     1.17996 
  265.292559314   -24.37289     1.17964 
  265.312992183   -24.51431     1.17963 
  265.333425053   -24.50630     1.17967 
  265.353857921   -25.06999     1.17970 
  265.374290790   -24.04133     1.17955 
  265.394723558   -22.95398     1.17993 
  265.415156526   -24.61685     1.17963 
  265.435589394   -23.09601     1.17989 
  265.456022162   -26.28292     1.17950 
  265.476455129   -26.20777     1.17948 
  265.496887996   -24.08162     1.17979 
  265.517320763   -26.21097     1.17958 
  266.212038088   -10.18801     1.18170 
  266.232470846   -10.02730     1.18165 
  266.252903804    -8.77274     1.18197 
  266.273336562    -7.40710     1.18218 
  266.293769419    -7.21402     1.18230 
  266.314202376    -5.26050     1.18262 
  266.334635133    -3.92919     1.18294 
  266.355067990    -2.33320     1.18303 
  266.375500846     6.87187     1.18765 
  266.416366558     0.34979     1.18340 
  266.436799414     4.61152     1.18387 
  266.457232270     3.60874     1.18375 
  266.477665125     7.70006     1.18412 
  266.498097980     8.07512     1.18426 
  266.518530934    10.09472     1.18475 
  267.213247650    33.84843     1.18812 
  267.233680496    34.16602     1.18825 
  267.254113342    32.42764     1.18793 
  267.274546188    33.07840     1.18810 
  267.294979034    33.34059     1.18955 
  267.315411879    35.66560     1.18827 
  267.335844724    32.50031     1.18801 
  267.356277569    31.12595     1.18780 
  267.376710413    29.57932     1.18765 
  267.397143257    28.30377     1.18726 
  268.194023797    -6.19604     1.18270 
  268.214456731    -7.70478     1.18240 
  268.234889466    -9.18070     1.18235 
  268.255322300    -8.27105     1.18256 
  268.275755234    -9.37183     1.18227 
  268.296187968    -8.35954     1.18239 
  268.316620801    -8.94733     1.18236 
  268.337053735   -11.74247     1.18198 
  268.357486568   -13.42028     1.18162 
  268.377919300   -13.91478     1.18155 
  268.398352133   -11.96908     1.18193 
  268.418784965   -14.34444     1.18180 
  268.439217797   -15.50552     1.18147 
  268.459650629   -13.79720     1.18186 
  268.480083461   -15.41703     1.18147 
  268.500516292   -13.33303     1.18186 
  268.520949023   -17.95754     1.18128 
  269.195232318   -30.99076     1.17928 
  269.215665141   -29.19991     1.17941 
  269.236097864   -29.15980     1.17989 
  269.276963609   -28.93096     1.17953 
  269.297396331   -28.37430     1.17957 
  269.317829253   -27.77913     1.17975 
  269.338262075   -29.00033     1.17952 
  269.358694896   -29.07549     1.17961 
  269.379127618   -27.28276     1.17973 
  269.399560539   -25.95305     1.17996 
  269.419993359   -28.39413     1.17963 
  269.440426080   -24.79731     1.18019 
  269.481291720   -22.42916     1.18047 
  269.501724540   -22.45522     1.18024 
  269.522157360   -22.40417     1.18026 
  270.196440177    17.82929     1.18626 
  270.216872989    20.50659     1.18655 
  270.237305901    19.20623     1.18650 
  270.257738612    19.64842     1.18659 
  270.278171423    23.09174     1.18689 
  270.298604334    22.32768     1.18706 
  270.319037044    23.07493     1.18705 
  270.339469855    23.89690     1.18725 
  270.359902565    27.36308     1.18758 
  270.421201094    27.07847     1.18761 
  270.441633903    27.09777     1.18752 
  270.462066712    28.13408     1.18786 
  270.482499521    30.77865     1.18824 
  270.502932230    28.76776     1.18781 
  271.197647485    23.86924     1.18722 
  271.218080386    22.61050     1.18695 
  271.238513086    22.70300     1.18723 
  271.258945886    22.04237     1.18703 
  271.279378786    20.08698     1.18680 
  271.299811586    20.91872     1.18670 
  271.340677085    19.80309     1.18689 
  271.361109984    16.93431     1.18641 
  271.381542683    18.00743     1.18649 
  271.401975481    13.25086     1.18598 
  271.422408379    10.80951     1.18535 
  271.442841078    11.30000     1.18562 
  271.463273876    10.52989     1.18584 
  271.483706673     9.79215     1.18544 
  271.504139471     7.07110     1.18513 
  272.198854352   -18.11282     1.18131 
  272.219287141   -18.39965     1.18137 
  272.239719831   -21.17789     1.18085 
  272.260152720   -19.63953     1.18126 
  272.280585509   -21.11688     1.18116 
  272.301018298   -21.34278     1.18110 
  272.321450986   -21.55499     1.18103 
  272.341883875   -23.23805     1.18094 
  272.362316663   -21.37649     1.18124 
  272.382749351   -22.55554     1.18086 
  272.403182238   -19.76858     1.18140 
  272.423615026   -23.91486     1.18124 
  272.444047713   -23.91335     1.18084 
  272.464480600   -23.36532     1.18076 
  272.484913387   -24.28422     1.18073 
  272.505346073   -24.20160     1.18053 
  273.179627908   -19.94317     1.18131 
  273.200060587   -21.71116     1.18117 
  273.220493366   -18.05146     1.18122 
  273.240926245   -19.17163     1.18158 
  273.261358923   -18.35491     1.18116 
  273.281791702   -16.47468     1.18186 
  273.302224580   -15.37033     1.18166 
  273.322657258   -12.41564     1.18256 
  273.343090035   -11.09287     1.18258 
  273.363522813    -8.99518     1.18311 
  273.404388367    -7.18289     1.18320 
  273.424821144    -3.67420     1.18369 
  273.445253920    -4.45454     1.18351 
  273.465686697    -2.96723     1.18383 
  273.486119473    -1.02056     1.18413 
  273.506552149     1.33798     1.18439 
  274.180833534    24.78201     1.18792 
  274.201266303    24.43195     1.18790 
  274.221699172    24.33430     1.18779 
  274.242131940    25.08360     1.18786 
  274.262564608    24.76644     1.18799 
  274.282997476    24.62850     1.18788 
  274.303430243    24.34017     1.18792 
  274.323862911    29.53547     1.18852 
  274.344295678    26.58078     1.18814 
  274.364728545    26.51390     1.18827 
  274.385161212    25.48400     1.18815 
  274.405593978    24.68987     1.18790 
  274.446459511    26.46987     1.18811 
  274.466892276    26.82829     1.18822 
  274.487325042    24.58750     1.18800 
  274.507757908    24.04338     1.18807 
  283.150798559   -13.66700     1.18364 
  283.171231344   -14.70508     1.18352 
  283.191663929   -16.46685     1.18333 
  283.212096613   -17.16519     1.18313 
  283.232529398   -16.70298     1.18318 
  283.252961982   -17.07670     1.18314 
  283.273394667   -16.94720     1.18328 
  283.293827351   -16.13298     1.18328 
  283.314260035   -17.78295     1.18302 
  283.355125402   -17.96892     1.18316 
  283.375558085   -20.39115     1.18272 
  283.395990768   -15.70065     1.18334 
  283.416423451   -19.31224     1.18280 
  283.436856134   -18.91086     1.18292 
  283.457288817   -17.53090     1.18316 
  283.477721400   -19.58483     1.18278 
  284.151999832    -0.55204     1.18545 
  284.172432509    -2.08008     1.18513 
  284.192865085    -1.92266     1.18527 
  284.213297862     0.39711     1.18558 
  284.233730539     1.95121     1.18586 
  284.254163115    -1.17932     1.18538 
  284.295028567     3.80903     1.18618 
  284.315461143     3.04488     1.18592 
  284.356326594     3.33579     1.18602 
  284.376759169     3.46244     1.18599 
  284.397191845     4.43533     1.18624 
  284.417624620     8.39716     1.18672 
  284.438057194     5.04856     1.18626 
  284.458489869     4.28387     1.18623 
  285.153200614    12.81399     1.18742 
  285.173633283     9.00647     1.18698 
  285.194065952    12.54238     1.18733 
  285.214498621    10.75606     1.18723 
  285.234931290    11.09820     1.18711 
  285.255364058     9.66559     1.18697 
  285.275796627    10.48853     1.18716 
  285.296229295     8.33081     1.18688 
  285.337094631     8.56178     1.18699 
  285.357527299     6.99692     1.18659 
  285.377959866     5.78025     1.18616 
  285.398392634     6.61805     1.18657 
  285.418825301     5.80524     1.18639 
  285.439257968     5.42850     1.18647 
  285.459690635     6.07019     1.18663 
  286.154401120    -0.23764     1.18577 
  286.174833781    -0.79599     1.18548 
  286.195266343     0.58717     1.18572 
  286.215699004     0.69763     1.18576 
  286.236131765     1.20084     1.18574 
  286.276996987     0.69123     1.18564 
  286.297429747    -0.89480     1.18553 
  286.317862408    -2.61059     1.18529 
  286.338294968    -2.71963     1.18503 
  286.358727629    -2.26471     1.18537 
  286.379160389    -1.26069     1.18546 
  286.399592949    -0.66872     1.18546 
  286.420025608    -3.60741     1.18509 
  286.440458368    -2.66600     1.18513 
  286.460890927    -5.73738     1.18471 
  287.155601161   -15.63964     1.18328 
  287.176033815   -13.85928     1.18339 
  287.196466569   -12.29219     1.18387 
  287.216899123   -10.94674     1.18394 
  287.237331777   -12.03427     1.18387 
  287.257764331   -14.03049     1.18370 
  287.278197084   -13.03082     1.18370 
  287.298629738   -13.34380     1.18382 
  287.319062391   -10.71702     1.18415 
  287.339495044   -10.68180     1.18410 
  287.359927697    -9.08376     1.18439 
  287.380360350    -9.31518     1.18430 
  287.400792902    -8.25797     1.18425 
  287.421225655    -8.96779     1.18443 
  287.441658307    -7.26276     1.18462 
  287.462090860    -7.01996     1.18481 
  288.136368203     5.13412     1.18623 
  288.156800851     4.62299     1.18599 
  288.177233598     7.60632     1.18649 
  288.197666245     5.24147     1.18617 
  288.218098792     9.31571     1.18694 
  288.238531439     9.66417     1.18696 
  288.258964185    13.58517     1.18722 
  288.320262125    10.21523     1.18693 
  288.340694671    13.18798     1.18744 
  288.361127317    10.16364     1.18708 
  288.381560063    11.52937     1.18701 
  288.401992608    12.66262     1.18735 
  288.422425254    14.44520     1.18741 
  288.442857899    12.95194     1.18745 
  288.463290645    12.27174     1.18720 
  289.137567562     5.97067     1.18728 
  289.158000303     7.93584     1.18644 
  289.178432943     5.80213     1.18634 
  289.198865584     5.95128     1.18643 
  289.219298224     6.63210     1.18666 
  289.239730864     6.80508     1.18657 
  289.260163504     4.63838     1.18630 
  289.301028784     6.91537     1.18636 
  289.321461423     5.83806     1.18642 
  289.341893963     7.00128     1.18658 
  289.362326702     3.20932     1.18618 
  289.382759341     6.14970     1.18636 
  289.403191880     3.95169     1.18590 
  289.423624619     4.48825     1.18605 
  289.444057258     4.42395     1.18620 
  290.138766797    -5.15555     1.18500 
  290.159199331    -6.20511     1.18489 
  290.179631965    -8.38791     1.18414 
  290.200064699    -7.75734     1.18400 
  290.220497233    -6.65487     1.18469 
  290.240929866    -5.98134     1.18452 
  290.261362600   -10.27757     1.18406 
  290.281795133    -8.82219     1.18441 
  290.302227767   -10.95857     1.18390 
  290.322660400   -10.11393     1.18408 
  290.343093033   -10.45607     1.18410 
  290.363525666   -10.01841     1.18409 
  290.383958298   -10.87266     1.18368 
  290.404391031   -14.10608     1.18371 
  290.424823563   -12.95194     1.18377 
  290.445256196   -10.47413     1.18457 
  291.426022201     6.39739     1.18459 
  291.446454927     7.46545     1.18497 
  292.141164048    13.21119     1.18745 
  292.161596570    12.77130     1.18729 
  292.182029192    11.10461     1.18710 
  292.202461914     9.16229     1.18686 
  292.222894435     9.23220     1.18682 
  292.243327057    11.57073     1.18715 
  292.263759678     7.98805     1.18673 
  292.284192400    10.97645     1.18726 
  292.304624921     7.24319     1.18659 
  292.325057542    10.49787     1.18698 
  292.345490263     7.55456     1.18671 
  292.365922784     7.07697     1.18669 
  292.386355405     6.16037     1.18650 
  292.406788125     6.89082     1.18657 
  292.427220646    10.86643     1.18725 
  292.447653266     4.41666     1.18647 
  293.121929575     1.38441     1.18616 
  293.142362192     2.44988     1.18645 
  293.162794708     1.81922     1.18650 
  293.183227425     0.17005     1.18601 
  293.203660041     1.02981     1.18628 
  293.224092557     1.50501     1.18649 
  293.244525273    -1.24949     1.18616 
  293.264957889     1.32847     1.18647 
  293.285390504    -0.14781     1.18610 
  293.305823020    -0.29047     1.18627 
  293.326255736     2.19374     1.18661 
  293.346688351     0.36696     1.18617 
  293.367120866    -1.08602     1.18584 
  293.387553582     0.98125     1.18633 
  293.407986197    -1.75786     1.18581 
  293.428418712    -0.13839     1.18628 
  294.123127456   -12.69339     1.18501 
  294.143560167   -12.11770     1.18499 
  294.163992778   -11.50954     1.18492 
  294.184425289   -12.09306     1.18489 
  294.204857900   -10.36135     1.18520 
  294.225290611    -9.78441     1.18516 
  294.245723121   -13.41797     1.18498 
  294.266155732   -11.68172     1.18513 
  294.286588442   -12.48208     1.18506 
  294.307020953   -14.58012     1.18482 
  294.327453563   -11.67505     1.18538 
  294.347886173   -12.86629     1.18513 
  294.368318783   -13.55965     1.18516 
  294.388751393   -14.30495     1.18506 
  294.409184003   -12.22620     1.18530 
  294.429616613   -10.29216     1.18538 
  295.124325181     3.08855     1.18705 
  295.144757788     6.23206     1.18760 
  295.165190294     4.89648     1.18745 
  295.185623000     6.76408     1.18766 
  295.206055605     5.44976     1.18747 
  295.226488211    11.81433     1.18856 
  295.246920717     6.29787     1.18762 
  295.267353422    10.55399     1.18823 
  295.287786028     8.41041     1.18793 
  295.308218533     8.82335     1.18794 
  295.328651238     8.66406     1.18796 
  295.349083843    11.95850     1.18841 
  295.369516348     8.61470     1.18795 
  295.389949053    10.73178     1.18825 
  295.410381658    11.93520     1.18852 
  295.430814163     9.18728     1.18814 
  299.108681035     0.72974     1.18761 
  299.129113724     2.91396     1.18798 
  299.149546213     2.91770     1.18794 
  299.169978801     2.49391     1.18788 
  299.190411390     2.85331     1.18793 
  299.210843979     4.25203     1.18818 
  299.231276567     2.71029     1.18797 
  299.251709156     3.11807     1.18793 
  299.272141744     0.66019     1.18778 
  299.292574333     2.72639     1.18789 
  299.313006921    -1.59715     1.18726 
  299.333439409    -0.25872     1.18747 
  299.353872097    -0.49325     1.18746 
  299.374304685    -1.01336     1.18759 
  299.394737173    -1.54583     1.18741 
  300.109877707     8.29737     1.18947 
  300.130310292     8.00841     1.18920 
  300.150742878     6.86049     1.18886 
  300.171175463     7.14518     1.18909 
  300.191608048     8.90642     1.18907 
  300.212040533    10.46808     1.18950 
  300.232473118     8.26402     1.18900 
  300.252905803     6.82527     1.18892 
  300.273338288     6.90407     1.18884 
  300.293770873    10.94612     1.18954 
  300.314203558    10.34766     1.18954 
  300.334636043     8.34815     1.18912 
  300.375501212     7.93513     1.18930 
  300.395933796     7.07127     1.18907 
  300.416366381     7.19116     1.18925 
  301.111074112   -10.40484     1.18676 
  301.131506694    -9.15180     1.18696 
  301.151939376    -9.35004     1.18673 
  301.172371858    -9.69805     1.18676 
  301.192804440   -10.55515     1.18661 
  301.213237122   -12.08621     1.18656 
  301.233669604   -11.70458     1.18652 
  301.254102186   -13.39440     1.18616 
  301.274534767   -12.66538     1.18647 
  301.294967349   -12.75271     1.18633 
  301.315399931   -13.28643     1.18631 
  301.335832512   -14.71113     1.18603 
  301.356265094   -11.95957     1.18645 
  301.376697675   -15.08618     1.18600 
  301.397130156   -14.44111     1.18722 
  301.417562838   -15.74823     1.18608 
  302.091837886    -0.65432     1.18844 
  302.112270565     2.37473     1.18850 
  302.132703044     3.46662     1.18873 
  302.153135623     1.86067     1.18871 
  302.173568302     3.10633     1.18879 
  302.194000781     5.07898     1.18886 
  302.214433360     3.47454     1.18883 
  302.234865839     5.67842     1.18922 
  302.255298518     6.99132     1.18955 
  302.275731097     6.57580     1.18926 
  302.296163575     8.44990     1.18973 
  302.337028833     8.10953     1.18980 
  302.357461311     5.02650     1.18904 
  302.377893990     5.77331     1.18930 
  302.418759047     5.43508     1.18915 
  303.093034104    -2.89457     1.18830 
  303.113466580    -0.63048     1.18851 
  303.133899157     1.12720     1.18882 
  303.154331833    -0.50650     1.18853 
  303.174764410     1.01505     1.18874 
  303.195196886     0.57347     1.18949 
  303.236062139    -0.27073     1.18859 
  303.256494615     2.38825     1.18906 
  303.276927291     1.13885     1.18879 
  303.297359767     0.60665     1.18856 
  303.317792344     1.13076     1.18885 
  303.338224920     2.43770     1.18896 
  303.358657496     0.33458     1.18864 
  303.379090072     2.40710     1.18893 
  303.399522647     3.27807     1.18899 
  303.419955223     3.56703     1.18912 
  304.094230100     5.69051     1.18955 
  304.135095248     5.70359     1.18940 
  304.155527823     6.28880     1.18950 
  304.175960497     6.13369     1.18933 
  304.196392971     5.64764     1.18944 
  304.216825545     7.17773     1.18951 
  304.237258119     3.47712     1.18916 
  304.278123267     1.67568     1.18889 
  304.298555841     1.05987     1.18868 
  304.318988414    -0.95386     1.18838 
  304.339420988    -2.52610     1.18819 
  304.359853562    -1.33736     1.18831 
  304.380286136     0.65156     1.18874 
  304.400718709    -0.06421     1.18849 
  305.095426089   -19.71122     1.18594 
  305.115858661   -18.99589     1.18579 
  305.136291233   -16.09411     1.18645 
  305.177156378   -15.70661     1.18635 
  305.197588850   -18.49543     1.18600 
  305.218021522   -17.02636     1.18625 
  305.238454094   -16.71125     1.18636 
  305.258886566   -15.29678     1.18647 
  305.279319238   -15.71203     1.18636 
  305.299751810   -15.47715     1.18648 
  305.320184281   -13.34157     1.18668 
  305.340616853   -12.44063     1.18683 
  305.361049525   -11.71472     1.18701 
  305.401914569    -9.18568     1.18767 
  306.096621886     3.64183     1.18956 
  306.117054557     2.07172     1.18926 
  306.137487027     3.33926     1.18948 
  306.157919598     0.93643     1.18914 
  306.178352268     2.22282     1.18932 
  306.198784739     1.90914     1.18913 
  306.219217309     0.94328     1.18925 
  306.239649979    -0.09979     1.18900 
  306.260082550    -0.09899     1.18912 
  306.280515020     0.42815     1.18914 
  306.300947590     1.13529     1.18916 
  306.321380260     3.64628     1.18953 
  306.341812731     3.19892     1.18958 
  306.362245301     2.82965     1.18950 
  306.382677871     0.67299     1.18899 
  306.403110441     0.49876     1.18899 
  307.077385139    17.83978     1.19181 
  307.097817708    17.02698     1.19168 
  307.118250277    16.57607     1.19146 
  307.138682946    17.75494     1.19227 
  307.159115415    17.86691     1.19152 
  307.179547984    17.37330     1.19149 
  307.199980653    20.04802     1.19185 
  307.220413122    18.51678     1.19168 
  307.240845691    21.34340     1.19195 
  307.261278260    20.17574     1.19179 
  307.281710829    23.56596     1.19237 
  307.302143398    18.93648     1.19192 
  307.322575967    19.71041     1.19187 
  307.343008536    22.83000     1.19236 
  307.363441105    19.75631     1.19197 
  307.383873673    19.85023     1.19232 
  307.404306242    20.39452     1.19201 
  308.078580800    -1.16117     1.18905 
  308.099013468    -3.81010     1.18860 
  308.119446036    -3.75976     1.18857 
  308.139878605    -7.00439     1.18811 
  308.160311173    -6.31290     1.18825 
  308.180743741    -5.88653     1.18845 
  308.201176309    -9.63171     1.18753 
  308.221608777    -9.98888     1.18777 
  308.242041445   -11.34554     1.18769 
  308.262474012   -12.38798     1.18740 
  308.282906480   -12.32359     1.18753 
  308.303339148   -11.92595     1.18755 
  308.323771716   -14.39922     1.18717 
  308.344204184   -18.19162     1.18643 
  308.385069420   -14.90208     1.18731 
  308.405501888   -18.02486     1.18689 
  313.064126676    -8.05742     1.18856 
  313.084559244    -5.86118     1.18894 
  313.104991811    -8.07983     1.18847 
  313.125424479    -7.27672     1.18880 
  313.145856946    -7.15630     1.18850 
  313.166289514    -4.57639     1.19030 
  313.186721981    -6.18341     1.18878 
  313.207154649    -5.34312     1.18901 
  313.227587216    -8.32788     1.18861 
  313.248019784    -6.98118     1.18847 
  313.268452351    -7.36646     1.18896 
  313.288884919    -5.95386     1.18889 
  313.309317487    -6.50732     1.18882 
  313.329750054    -4.34693     1.18894 
  313.350182622    -4.67635     1.18898 
  313.370615190    -5.08849     1.18900 
  313.391047657    -3.32468     1.18927 
  314.065322301    21.44319     1.19299 
  314.085754969    22.51472     1.19300 
  314.106187538    25.68749     1.19352 
  314.126620106    24.98336     1.19363 
  314.147052674    25.92557     1.19365 
  314.167485243    26.86698     1.19393 
  314.187917811    28.09655     1.19412 
  314.208350379    29.24011     1.19426 
  314.228782948    26.84866     1.19402 
  314.249215516    29.20089     1.19422 
  314.269647985    28.30386     1.19393 
  314.290080653    30.13109     1.19449 
  314.310513222    29.76840     1.19437 
  314.351378359    29.25265     1.19445 
  314.371810928    32.08923     1.19474 
  315.066518175    -5.40867     1.18968 
  315.086950844    -6.76470     1.18963 
  315.107383314    -7.87456     1.18932 
  315.127815883    -6.87721     1.18943 
  315.148248353   -10.80898     1.18898 
  315.168681022    -9.92244     1.18996 
  315.189113592   -13.39093     1.18846 
  315.229978731   -14.82390     1.18821 
  315.250411301   -16.69506     1.18810 
  315.270843771   -16.78000     1.18799 
  315.291276440   -19.45516     1.18728 
  315.332141580   -17.65844     1.18794 
  315.352574050   -20.87354     1.18728 
  315.373006720   -24.30921     1.18679 
  316.067714013   -16.67461     1.18796 
  316.088146484   -21.92301     1.18719 
  316.108579155   -19.62548     1.18749 
  316.129011726   -18.36541     1.18768 
  316.169876768   -18.10704     1.18780 
  316.190309439   -20.32453     1.18727 
  316.210742011   -19.21530     1.18763 
  316.231174482   -19.31829     1.18756 
  316.251607153   -17.65951     1.18748 
  316.272039724   -16.06672     1.18786 
  316.292472196   -17.68130     1.18763 
  316.312904867   -17.64394     1.18763 
  316.333337438   -16.64784     1.18786 
  316.353769910   -19.21939     1.18747 
  316.374202581   -17.26818     1.18780 
  317.048477260    -7.95834     1.18956 
  317.068909932    -5.66134     1.18988 
  317.089342505    -3.58393     1.19036 
  317.109774978    -3.89566     1.19008 
  317.130207651    -2.31523     1.19043 
  317.150640224     0.52100     1.19083 
  317.171072697    -3.44216     1.19015 
  317.191505370     1.65602     1.19110 
  317.211937943     1.63050     1.19106 
  317.232370416     1.82919     1.19117 
  317.252802989     2.96964     1.19123 
  317.273235662     4.60680     1.19136 
  317.293668235     4.92022     1.19138 
  317.334533382     7.14652     1.19193 
  317.354965955     7.35828     1.19183 
  317.375398428    11.10327     1.19234 
  318.049673274    27.06113     1.19465 
  318.070105948    30.68944     1.19645 
  318.090538523    28.84327     1.19494 
  318.110970998    27.56994     1.19639 
  318.131403573    24.80166     1.19456 
  318.151836248    23.56329     1.19418 
  318.172268823    23.79898     1.19452 
  318.192701299    22.89217     1.19428 
  318.213133974    23.55066     1.19446 
  318.233566549    21.00455     1.19412 
  318.253999024    18.91273     1.19382 
  318.274431700    15.92753     1.19347 
  318.294864275    16.85764     1.19363 
  318.315296750    17.26276     1.19370 
  318.335729326    14.84702     1.19323 
  318.356162001    13.90775     1.19291 
  319.050869500   -23.51002     1.18815 
  319.071301977   -28.19011     1.18732 
  319.091734654   -26.77377     1.18768 
  319.112167232   -25.99761     1.18771 
  319.132599709   -25.93793     1.18766 
  319.153032287   -29.28493     1.18738 
  319.173464964   -28.91691     1.18752 
  319.193897442   -27.83347     1.18761 
  319.214330020   -26.55472     1.18773 
  319.234762697   -27.23020     1.18762 
  319.255195175   -26.63663     1.18773 
  319.275627753   -25.37016     1.18798 
  319.296060431   -28.03260     1.18762 
  319.316492909   -27.43165     1.18785 
  319.336925487   -24.54784     1.18819 
  319.357358065   -26.14694     1.18789 
  320.052065754   -19.08571     1.18925 
  320.072498234   -20.86358     1.18863 
  320.092930814   -21.73064     1.18863 
  320.113363494   -18.73299     1.18891 
  320.133795974   -22.49773     1.18847 
  320.154228555   -22.83596     1.18903 
  320.174661235   -17.59565     1.18912 
  320.195093816   -20.14505     1.18882 
  320.215526296   -20.39951     1.18895 
  320.235958877   -18.33570     1.18913 
  320.256391557   -19.28929     1.18901 
  320.317689300   -19.02248     1.18931 
  320.338121781   -18.18718     1.18936 
  320.358554362   -19.45961     1.18928 
  321.053262152    18.18326     1.19433 
  321.073694735    20.29625     1.19480 
  321.094127218    20.83512     1.19497 
  321.114559802    23.82530     1.19544 
  321.134992485    22.46117     1.19497 
  321.155424968    26.76612     1.19574 
  321.175857552    24.64024     1.19537 
  321.196290236    24.69183     1.19568 
  321.216722719    27.22967     1.19635 
  321.237155303    30.10245     1.19763 
  321.257587987    29.61765     1.19623 
  321.278020471    27.94909     1.19607 
  321.298453055    29.12743     1.19677 
  321.318885739    28.29079     1.19592 
  321.359750807    33.65712     1.19791 
  324.036422475   -11.86511     1.18730 
  324.056855069   -13.08170     1.18712 
  324.077287764   -11.25331     1.18732 
  324.097720258   -11.05142     1.18733 
  324.118152853    -9.39149     1.18824 
  324.138585548    -7.24879     1.18783 
  324.159018142    -5.15102     1.18836 
  324.179450637    -8.30093     1.18831 
  324.220315927    -1.55668     1.18912 
  324.240748422    -1.75830     1.18896 
  324.261181118    -1.45360     1.18885 
  324.281613713     2.46482     1.18958 
  324.302046208     5.73196     1.18999 
  324.322478804     4.36916     1.18945 
  324.342911500     9.58057     1.19071 
  325.037619703    38.07831     1.19769 
  325.058052202    40.13135     1.19770 
  325.098917500    35.54972     1.19732 
  325.119349999    36.84092     1.19718 
  325.139782698    36.25589     1.19729 
  325.160215297    34.72082     1.19711 
  325.180647797    33.04238     1.19670 
  325.201080496    33.69359     1.19691 
  325.221513096    32.69250     1.19713 
  325.241945595    30.24475     1.19619 
  325.262378195    30.90930     1.19655 
  325.282810895    29.90563     1.19660 
  325.303243495    27.27992     1.19632 
  325.323675995    27.90693     1.19658 
  325.344108695    25.74441     1.19623 
  326.038817055   -14.57069     1.19017 
  326.059249558   -16.82091     1.18964 
  326.079682262   -17.00048     1.19000 
  326.100114866   -19.10181     1.18952 
  326.120547369   -19.57541     1.18961 
  326.140980073   -18.57770     1.19001 
  326.161412677   -18.97241     1.19030 
  326.181845281   -19.03689     1.18995 
  326.202277785   -22.20245     1.18943 
  326.222710490   -19.01190     1.18986 
  326.243143094   -21.62178     1.18938 
  326.263575599   -24.54970     1.18910 
  326.284008303   -23.49641     1.18906 
  326.304440908   -22.80732     1.18929 
  326.324873413   -24.88482     1.18903 
  326.345306118   -24.44093     1.18903 
  327.019582037   -35.14443     1.18789 
  327.040014645   -35.70154     1.18795 
  327.060447253   -37.81061     1.18765 
  327.080879762   -38.67268     1.18750 
  327.101312471   -37.79700     1.18747 
  327.121745080   -36.10265     1.18777 
  327.142177589   -37.16163     1.18753 
  327.183042907   -37.53757     1.18738 
  327.203475416   -38.11940     1.18718 
  327.223908125   -38.92100     1.18771 
  327.264773244   -34.23922     1.18807 
  327.285205854   -31.63245     1.18842 
  327.305638564   -31.01033     1.18836 
  327.326071074   -32.59760     1.18837 
  327.346503684   -32.89537     1.18812 
  328.020779776    12.36361     1.19507 
  328.041212489    15.46025     1.19538 
  328.061645103    16.97042     1.19679 
  328.082077617    18.31151     1.19708 
  328.102510331    21.43821     1.19741 
  328.122942946    22.94562     1.19779 
  328.143375460    22.77513     1.19803 
  328.184240789    25.60077     1.19808 
  328.204673304    25.67806     1.19828 
  328.225105918    30.18712     1.19881 
  328.245538633    34.16504     1.19943 
  328.265971248    30.96070     1.19901 
  328.286403763    30.96844     1.19893 
  328.306836479    34.07495     1.19942 
  328.327269094    34.36302     1.19946 
  329.021977884    13.30039     1.19679 
  329.042410504    13.94679     1.19631 
  329.062843223    11.21845     1.19532 
  329.083275843    12.82164     1.19613 
  329.103708363     9.94726     1.19642 
  329.124141083    10.15182     1.19580 
  329.144573703     8.40917     1.19620 
  329.185438943     6.58727     1.19528 
  329.205871563     5.09045     1.19615 
  329.226304084     2.29584     1.19424 
  329.246736705    -0.17467     1.19374 
  329.267169425     0.18615     1.19398 
  329.287601946    -0.44745     1.19400 
  329.308034567    -3.25166     1.19347 
  329.328467288    -4.80220     1.19310 
  330.023176378   -27.03525     1.19008 
  330.043608904   -25.40973     1.19025 
  330.064041629   -23.53848     1.19043 
  330.084474255   -27.13130     1.19004 
  330.104906781   -25.65502     1.18998 
  330.125339507   -24.58483     1.19027 
  330.145772133   -26.81113     1.19006 
  330.166204659   -26.85488     1.18981 
  330.186637285   -25.23017     1.18992 
  330.207070011   -27.86753     1.18973 
  330.227502538   -28.16921     1.18965 
  330.247935165   -31.76648     1.18924 
  330.268367891   -29.42528     1.18964 
  330.288800518   -29.68427     1.18947 
  330.309233045   -31.81184     1.18924 
  330.329665772   -31.16659     1.18923 
  331.024375073   -29.13961     1.18969 
  331.044807604   -28.54141     1.18992 
  331.065240236   -27.56336     1.18998 
  331.085672968   -27.48528     1.18994 
  331.126538133   -24.63188     1.19048 
  331.146970865   -21.49309     1.19069 
  331.167403497   -18.63133     1.19139 
  331.187836030   -18.42090     1.19124 
  331.208268763   -15.84686     1.19160 
  331.249133929   -13.45328     1.19192 
  331.269566562   -10.44006     1.19221 
  331.289999295    -8.78093     1.19235 
  331.310431829    -8.28403     1.19258 
  331.330864462    -3.80725     1.19301 
  332.005141345    46.38796     1.20176 
  332.025574083    45.87247     1.20149 
  332.046006722    45.09115     1.20134 
  332.066439260    45.79350     1.20136 
  332.086871999    46.36065     1.20168 
  332.107304637    48.37590     1.20185 
  332.127737176    46.14213     1.20129 
  332.168602554    44.73513     1.20145 
  332.189035094    43.28812     1.20107 
  332.209467733    43.29158     1.20094 
  332.229900473    42.72140     1.20111 
  332.250333012    41.47058     1.20085 
  332.270765652    41.51763     1.20074 
  332.291198392    40.87594     1.20054 
  332.311631032    41.85933     1.20053 
  332.332063573    37.28908     1.19991 
  333.006340680    -1.19257     1.19356 
  333.026773425    -2.08817     1.19363 
  333.047206071    -2.96128     1.19304 
  333.067638616    -4.51733     1.19308 
  333.088071261    -4.85067     1.19283 
  333.108504007    -6.65238     1.19270 
  333.128936553    -7.44188     1.19275 
  333.149369199    -5.44789     1.19298 
  333.169801945    -1.54343     1.19355 
  333.190234591    -8.57628     1.19279 
  333.210667138    -9.94948     1.19229 
  333.231099884    -7.46349     1.19266 
  333.251532531   -11.28595     1.19229 
  333.271965078   -11.55597     1.19191 
  333.292397725   -11.88148     1.19181 
  333.312830472    -7.94153     1.19462 
  334.007540461   -36.84732     1.18842 
  334.027973013   -39.16095     1.18800 
  334.048405766   -41.87338     1.18795 
  334.068838419   -40.56786     1.18816 
  334.089270971   -42.10186     1.18799 
  334.109703724   -38.68362     1.18840 
  334.130136377   -40.70990     1.18810 
  334.150568931   -41.07098     1.18803 
  334.171001584   -41.13173     1.18831 
  334.191434337   -42.37748     1.18803 
  334.211866891   -41.88779     1.18784 
  334.232299545   -41.55712     1.18794 
  334.252732299   -40.42592     1.18834 
  334.273164853   -41.13457     1.18827 
  334.293597507   -39.39068     1.18833 
  334.314030162   -39.39646     1.18816 
  335.008740504    15.85825     1.19706 
  335.029173064    18.55218     1.19779 
  335.049605724    16.09945     1.19742 
  335.070038484    19.39895     1.19776 
  335.090471044    19.66701     1.19792 
  335.110903705    23.89814     1.19823 
  335.131336465    24.39620     1.19870 
  335.151769026    24.63428     1.19873 
  335.172201687    29.11435     1.19888 
  335.192634448    26.61875     1.19887 
  335.213067109    29.34710     1.19916 
  335.233499671    33.71182     1.20012 
  335.253932332    35.36553     1.20035 
  335.274365094    35.43116     1.20035 
  335.294797656    37.44463     1.20038 
  335.315230318    39.73211     1.20069 
  335.989508156    28.45452     1.19951 
  336.009940923    25.33529     1.19919 
  336.030373491    25.06821     1.19905 
  336.050806159    23.73717     1.19879 
  336.071238927    23.05306     1.19871 
  336.091671595    22.26738     1.19893 
  336.112104163    19.13294     1.19836 
  336.132536832    20.89142     1.19837 
  336.152969600    21.06716     1.19852 
  336.173402169    18.93897     1.19825 
  336.193834838    17.60392     1.19804 
  336.214267607    16.84448     1.19804 
  336.234700177    11.95299     1.19748 
  336.255132846    13.71929     1.19760 
  336.275565616    12.85197     1.19721 
  336.295998185    14.09692     1.19769 
  336.316430855    11.28755     1.19700 
  336.990708958    -4.44387     1.19400 
  337.011141634    -8.50122     1.19360 
  337.031574409    -6.08798     1.19388 
  337.052006985    -5.26815     1.19426 
  337.072439662   -10.14906     1.19369 
  337.092872438    -8.89459     1.19381 
  337.113305014   -11.32651     1.19338 
  337.133737691    -8.79284     1.19382 
  337.174603045   -11.84039     1.19334 
  337.195035722   -14.17430     1.19291 
  337.215468399   -15.43090     1.19280 
  337.235901077   -15.70990     1.19269 
  337.256333755   -16.63628     1.19261 
  337.276766433   -16.44968     1.19258 
  337.297199211   -19.08340     1.19229 
  337.317631789   -17.85277     1.19241 
  342.017151570     5.35237     1.19825 
  342.037584291     4.96887     1.19813 
  342.058016912     8.98771     1.19879 
  342.078449733    11.84839     1.19902 
  342.098882455    10.27677     1.19900 
  342.119315077    11.72584     1.19918 
  342.139747799    16.21364     1.19978 
  342.160180621    14.73327     1.19966 
  342.180613243    14.28378     1.19949 
  342.201045966    17.97115     1.19989 
  342.221478788    20.65004     1.20046 
  342.241911411    20.72226     1.20019 
  342.262344135    21.74674     1.20040 
  342.282776958    24.39833     1.20089 
  342.303209582    24.61125     1.20089 
  342.977489573    20.83824     1.20066 
  342.997922204    20.27419     1.20052 
  343.038787765    21.34625     1.20062 
  343.059220396    17.27805     1.20005 
  343.079653128    15.37603     1.19974 
  343.100085959    17.85393     1.20014 
  343.120518591    17.07874     1.20001 
  343.140951323    20.31128     1.20037 
  343.161384155    16.72468     1.19996 
  343.181816787    16.51194     1.19985 
  343.202249520    14.79500     1.19955 
  343.222682352    14.73896     1.19966 
  343.243114985    15.63706     1.19982 
  343.263547718    15.04029     1.19978 
  343.283980452    15.94247     1.19988 
  343.978693510     2.51303     1.19828 
  343.999126150     0.06653     1.19790 
  344.019558891     0.53612     1.19805 
  344.039991732    -1.59812     1.19773 
  344.060424373     3.44101     1.19902 
  344.080857115    -4.43053     1.19728 
  344.101289957    -4.23398     1.19727 
  344.121722599    -6.90220     1.19692 
  344.142155341    -4.45161     1.19736 
  344.162588183    -6.08095     1.19699 
  344.203453568   -11.46027     1.19618 
  344.223886311   -10.14239     1.19643 
  344.244319154   -13.56952     1.19480 
  345.000330602   -37.05882     1.19188 
  345.020763354   -35.84748     1.19181 
  345.041196205   -35.23266     1.19213 
  345.061628857   -33.38097     1.19233 
  345.082061609   -32.67507     1.19233 
  345.102494361   -32.50440     1.19240 
  345.122927214   -30.16800     1.19285 
  345.143359866   -28.25068     1.19302 
  345.163792619   -29.84329     1.19298 
  345.184225472   -27.88398     1.19325 
  345.204658125   -26.60426     1.19338 
  345.225090879   -22.61139     1.19392 
  345.245523733   -21.26781     1.19464 
  345.265956386   -22.41457     1.19515 
  345.286389141   -19.62681     1.19551 
  345.960670050    18.67313     1.20085 
  345.981102912    17.86860     1.20136 
  346.001535674    17.88176     1.20081 
  346.021968336    19.51947     1.20106 
  346.042401098    18.11727     1.20083 
  346.062833961    17.53072     1.20071 
  346.083266623    19.16131     1.20104 
  346.103699386    17.45095     1.20060 
  346.124132249    18.72747     1.20105 
  346.144564913    17.15994     1.20096 
  346.164997676    16.00508     1.20067 
  346.185430540    15.37327     1.20061 
  346.205863204    13.98522     1.20049 
  346.226295969    16.02465     1.20082 
  346.246728833    15.17280     1.20060 
  346.267161598    13.57326     1.20045 
  346.287594263    13.84514     1.20024 
  346.961875532     9.95331     1.19980 
  346.982308305     8.39129     1.19984 
  347.002741178     8.55218     1.19971 
  347.023173851     9.58270     1.19997 
  347.043606624    11.25633     1.20016 
  347.064039498     9.75444     1.19989 
  347.084472171    11.98002     1.20013 
  347.104904945    12.42382     1.20031 
  347.145770594     8.32903     1.19991 
  347.166203269     8.15311     1.19967 
  347.186636044    10.38546     1.19998 
  347.207068919    10.05905     1.20008 
  347.227501594     9.30406     1.19997 
  347.247934370     8.77799     1.19999 
  347.268367145    12.86264     1.20043 
  347.288799921     9.39495     1.19984 
  347.963081560   -20.98507     1.19585 
  347.983514344   -20.99343     1.19591 
  348.003947228   -23.13826     1.19485 
  348.024380012   -22.90426     1.19554 
  348.044812697   -24.91168     1.19524 
  348.065245581   -25.19468     1.19463 
  348.085678266   -25.94834     1.19535 
  348.106111052   -26.07454     1.19434 
  348.126543837   -26.53942     1.19487 
  348.146976623   -27.81008     1.19348 
  348.167409409   -29.56429     1.19349 
  348.187842195   -29.64700     1.19347 
  348.208274982   -31.32864     1.19297 
  348.228707768   -31.25473     1.19316 
  348.249140555   -32.55402     1.19313 
  348.269573342   -34.15028     1.19297 
  348.964288246    -6.26265     1.19808 
  348.984720941    -6.42834     1.19821 
  349.005153837    -6.01816     1.19815 
  349.025586633    -3.91843     1.19840 
  349.046019329    -1.87908     1.19855 
  349.066452125    -1.65585     1.19889 
  349.086884922     0.74192     1.19924 
  349.107317718    -0.06777     1.19921 
  349.127750516     2.96768     1.19947 
  349.148183313     3.40410     1.19952 
  349.168616110     1.19328     1.19926 
  349.189048908     5.15315     1.19986 
  349.209481706     4.78770     1.19971 
  349.229914505     5.73756     1.19988 
  349.250347303     5.65609     1.19999 
  349.270780202     7.97506     1.20004 
