#     time           flux       flux_err 
  0.000000000     0.56670     1.00808 
  0.040868497    -0.53340     1.00848 
  0.061302896     0.48652     1.00848 
  0.081737095     2.57686     1.00877 
  0.102171394     0.23375     1.00828 
  0.122605794     0.51112     1.00821 
  0.143039994     3.36019     1.00868 
  0.163474294     2.30216     1.00859 
  0.183908694     2.59149     1.00865 
  0.204342895     3.71774     1.00881 
  0.224777196     4.02480     1.00913 
  0.245211497     5.31323     1.00951 
  0.265645898     3.31898     1.00917 
  0.286080100     4.72390     1.00914 
  0.306514401     5.67766     1.00927 
  0.326948803     6.46022     1.00946 
  1.001280806    22.06669     1.01242 
  1.021715016    22.55794     1.01240 
  1.042149427    19.73984     1.01192 
  1.083017948    20.12613     1.01170 
  1.103452360    19.39416     1.01180 
  1.123886671    17.94649     1.01136 
  1.164755295    17.20308     1.01109 
  1.185189607    17.29857     1.01116 
  1.205623919    14.03930     1.01052 
  1.226058232    15.41677     1.01045 
  1.246492545    17.00468     1.01097 
  1.266926858    15.47441     1.01073 
  1.287361171    15.47071     1.01088 
  1.307795485    12.62922     1.01003 
  1.328229799    10.36629     1.00975 
  2.002562288   -18.54192     1.00333 
  2.043430832   -20.28555     1.00309 
  2.063865254   -19.34504     1.00309 
  2.084299576   -19.01011     1.00305 
  2.104733799   -21.82262     0.99954 
  2.145602546   -20.96633     0.99985 
  2.166036869   -19.99880     1.00138 
  2.186471193   -19.18373     1.00301 
  2.206905517   -21.04996     0.99980 
  2.227339741   -20.18937     0.99982 
  2.247774165   -18.36951     1.00303 
  2.268208490   -21.54637     0.99943 
  2.288642715   -19.74071     0.99990 
  2.309077040   -20.49633     0.99975 
  3.003844233    -7.25706     1.00546 
  3.024278667    -7.39445     1.00533 
  3.044712900    -7.78900     1.00528 
  3.065147234    -8.65793     1.00521 
  3.085581668    -6.86217     1.00549 
  3.106015902    -5.55472     1.00601 
  3.126450236    -6.84092     1.00552 
  3.146884671    -4.15548     1.00618 
  3.167318906    -1.77151     1.00669 
  3.187753241    -3.33352     1.00632 
  3.208187576    -3.40295     1.00636 
  3.228621912    -0.94877     1.00667 
  3.249056248    -4.20478     1.00613 
  3.269490584    -5.04523     1.00585 
  3.289925020     0.58176     1.00709 
  3.310359256    -3.09848     1.00620 
  4.005126832    10.25694     1.00913 
  4.025561176    12.48735     1.00970 
  4.066429866    16.64240     1.01054 
  4.086864211    15.92858     1.01059 
  4.107298556    15.20014     1.01026 
  4.127732902    14.77815     1.01027 
  4.148167248    14.70889     1.01038 
  4.168601594    13.21803     1.00999 
  4.189035940    15.49859     1.01050 
  4.209470286    14.94445     1.01033 
  4.229904633    15.26346     1.01042 
  4.250339080    17.34494     1.01084 
  4.270773327    18.41967     1.01104 
  4.291207674    17.44698     1.01078 
  4.311642122    17.61664     1.01083 
  4.985975617     8.28575     1.00874 
  5.006409872     6.48594     1.00831 
  5.026844327     6.75953     1.00834 
  5.047278683     3.63335     1.00779 
  5.067712939     3.03241     1.00755 
  5.088147395     2.77233     1.00753 
  5.108581751    -0.81740     1.00672 
  5.129016107    -0.19788     1.00687 
  5.149450464     0.12922     1.00699 
  5.169884821    -3.55600     1.00609 
  5.190319178    -2.85587     1.00626 
  5.210753535    -2.48334     1.00628 
  5.231187893    -4.83015     1.00578 
  5.251622251    -5.52779     1.00569 
  5.272056709    -5.42920     1.00558 
  5.292490967    -6.17958     1.00534 
  5.312925325    -5.89111     1.00545 
  5.987259276   -16.02055     1.00010 
  6.007693642   -15.01973     1.00025 
  6.028127908   -13.34544     1.00076 
  6.048562374   -13.51131     1.00069 
  6.068996741   -13.64570     1.00066 
  6.089431108   -14.26100     1.00059 
  6.109865474   -13.56216     1.00074 
  6.130299842   -13.32195     1.00070 
  6.150734209   -12.23432     1.00076 
  6.171168577   -11.37511     1.00239 
  6.191602944   -10.47701     1.00412 
  6.212037212   -12.49879     1.00082 
  6.232471680   -11.05017     1.00411 
  6.252906049    -9.39919     1.00444 
  6.273340318    -8.80505     1.00463 
  6.293774786   -11.17844     1.00418 
  6.314209155   -10.73030     1.00425 
  6.988543354    -6.42744     1.00457 
  7.008977830    -6.38744     1.00452 
  7.029412107    -6.87240     1.00431 
  7.049846484    -6.74636     1.00434 
  7.070280961    -7.55843     1.00419 
  7.090715238    -7.76500     1.00412 
  7.111149615    -7.26575     1.00429 
  7.131584093    -7.71991     1.00417 
  7.152018370    -6.51287     1.00439 
  7.172452748    -6.37427     1.00448 
  7.192887227    -6.71883     1.00424 
  7.213321605    -6.44602     1.00426 
  7.233755884    -5.17902     1.00450 
  7.254190362    -4.40807     1.00469 
  7.274624741    -3.28018     1.00496 
  7.295059021    -3.87484     1.00489 
  7.989828039    21.00376     1.01036 
  8.010262425    22.11608     1.01053 
  8.030696912    24.04020     1.01097 
  8.051131199    20.64147     1.01022 
  8.071565586    22.57386     1.01057 
  8.092000074    20.99378     1.01023 
  8.112434361    20.62289     1.01023 
  8.132868749    21.05116     1.01026 
  8.153303237    20.18197     1.01009 
  8.173737525    20.98560     1.01055 
  8.194171913    19.24429     1.01013 
  8.214606402    19.65244     1.01020 
  8.235040791    18.53048     1.00988 
  8.255475080    19.64899     1.00995 
  8.275909569    19.74217     1.00992 
  8.296343958    18.97518     1.00971 
  8.991113319    -5.54302     1.00384 
  9.011547615    -5.24707     1.00405 
  9.031982012    -6.94355     1.00043 
  9.052416509    -3.92379     1.00403 
  9.072850806    -5.29292     1.00215 
  9.093285203    -7.31100     1.00036 
  9.113719701    -6.78869     1.00051 
  9.134153998    -6.93770     1.00061 
  9.154588396    -9.21482     0.99997 
  9.175022894    -9.59819     1.00000 
  9.195457293    -7.98137     1.00042 
  9.215891591    -9.08061     1.00017 
  9.236326090   -10.51487     0.99995 
  9.256760489    -8.54661     0.99992 
  9.277194788   -10.60908     0.99980 
  9.297629287    -9.54459     0.99990 
  9.971964475    -3.83527     1.00224 
  9.992398981    -5.44727     1.00065 
  10.012833387    -6.09097     1.00044 
  10.033267694    -7.57125     1.00021 
  10.053702200    -8.23164     1.00007 
  10.074136607    -8.14019     0.99988 
  10.094570914    -8.00985     1.00002 
  10.115005421    -7.33870     1.00016 
  10.135439829    -8.75420     0.99978 
  10.155874136    -6.74370     1.00024 
  10.176308544    -8.78552     0.99993 
  10.196743052    -7.63302     0.99999 
  10.217177360    -8.99148     0.99991 
  10.237611769    -9.21921     0.99975 
  10.258046177   -10.36646     0.99954 
  10.278480586   -10.75740     0.99957 
  10.298914995   -10.40543     0.99943 
  10.973250599     1.52020     1.00468 
  10.993685013     2.71813     1.00500 
  11.014119529     3.26392     1.00509 
  11.034553845     5.17317     1.00567 
  11.054988261     7.19606     1.00597 
  11.075422777    10.54920     1.00671 
  11.095857094    10.45576     1.00681 
  11.116291510    11.38587     1.00698 
  11.136726027    12.05434     1.00720 
  11.157160344    13.41022     1.00743 
  11.177594761    13.37271     1.00750 
  11.198029279    13.17596     1.00747 
  11.218463597    15.84995     1.00788 
  11.238898014    15.94192     1.00789 
  11.259332532    17.51727     1.00825 
  11.279766951    18.48041     1.00827 
  11.300201269    19.94460     1.00879 
  11.974537281    14.44047     1.00734 
  11.994971606    14.60342     1.00741 
  12.015406031    14.06029     1.00724 
  12.035840556    13.68372     1.00713 
  12.056274881    11.81164     1.00651 
  12.076709307    12.71585     1.00688 
  12.097143832    10.20068     1.00629 
  12.117578158     9.73877     1.00633 
  12.138012584     7.21103     1.00588 
  12.158447110     5.62802     1.00545 
  12.178881437     7.28794     1.00583 
  12.199315863     5.22539     1.00547 
  12.219750390     4.40016     1.00512 
  12.240184717     5.10356     1.00533 
  12.260619144     3.02303     1.00488 
  12.281053672     2.30259     1.00462 
  12.975824311   -12.03524     0.99852 
  12.996258745   -11.18601     0.99867 
  13.016693079   -11.88460     0.99839 
  13.037127613   -13.83153     0.99776 
  13.057562047   -11.08381     0.99838 
  13.077996382   -11.96711     0.99829 
  13.098430916   -12.48847     0.99810 
  13.118865351   -12.56658     0.99845 
  13.139299686   -12.78184     0.99833 
  13.159734221   -10.71868     0.99859 
  13.180168657   -10.96000     0.99890 
  13.200602992   -11.91291     0.99847 
  13.221037528   -13.02566     0.99832 
  13.241471964   -11.25759     0.99859 
  13.261906300   -13.27593     0.99821 
  13.282340736   -11.49126     0.99913 
  13.977111676   -23.89911     0.99586 
  14.017980661   -19.27415     0.99680 
  14.038415004   -19.76178     0.99692 
  14.058849547   -21.29532     0.99658 
  14.079283990   -21.14846     0.99670 
  14.099718333   -20.45624     0.99671 
  14.120152877   -20.62254     0.99674 
  14.140587220   -18.98456     0.99707 
  14.161021664   -16.57512     0.99752 
  14.181456208   -16.36726     0.99764 
  14.201890553   -17.29634     0.99739 
  14.222324997   -16.55361     0.99765 
  14.242759542   -16.21783     0.99776 
  14.263193886   -14.42214     0.99811 
  14.283628331   -13.00785     0.99830 
  22.947847331     7.74633     1.00533 
  22.968281840     7.36563     1.00523 
  22.988716450     8.71764     1.00557 
  23.009150959     6.62007     1.00512 
  23.029585369     4.33116     1.00464 
  23.050019979     4.68269     1.00481 
  23.070454489     3.89213     1.00470 
  23.090888899     2.83771     1.00443 
  23.111323409     0.75752     1.00391 
  23.131758020     2.89966     1.00442 
  23.152192430     2.22636     1.00426 
  23.172626941     1.06750     1.00389 
  23.193061552     1.03205     1.00392 
  23.213495962     2.34973     1.00413 
  23.233930473     0.37743     1.00240 
  23.254365085    -2.30224     1.00016 
  23.928703923   -14.99908     0.99743 
  23.949138538   -14.34170     0.99746 
  23.969573053   -16.91848     0.99684 
  23.990007469   -16.48995     0.99700 
  24.010442085   -17.78905     0.99683 
  24.030876601   -19.24713     0.99637 
  24.051311017   -19.69038     0.99635 
  24.071745633   -18.78247     0.99654 
  24.092180149   -20.20115     0.99618 
  24.112614565   -21.61554     0.99601 
  24.133049182   -21.14760     0.99598 
  24.153483699   -21.94203     0.99562 
  24.173918115   -22.85906     0.99548 
  24.194352732   -22.67495     0.99536 
  24.214787249   -25.11493     0.99477 
  24.235221666   -26.28412     0.99473 
  24.255656283   -26.46763     0.99462 
  24.950429941     0.11348     1.00063 
  24.970864462     3.97473     1.00452 
  24.991298983     2.87385     1.00452 
  25.011733505     5.43737     1.00498 
  25.032168027     5.73522     1.00501 
  25.052602549    12.55411     1.00643 
  25.073036971     9.20691     1.00571 
  25.093471593    11.59845     1.00625 
  25.113906115    12.07121     1.00635 
  25.134340537    12.38893     1.00632 
  25.154775160    14.93043     1.00687 
  25.175209682    15.48474     1.00697 
  25.195644105    19.53139     1.00791 
  25.216078728    18.50992     1.00743 
  25.236513151    20.66780     1.00787 
  25.256947674    23.11853     1.00840 
  25.931287099    27.75021     1.00995 
  25.951721526    28.61630     1.00997 
  25.972156153    27.99712     1.00989 
  25.992590680    27.87031     1.00991 
  26.013025107    26.49361     1.00952 
  26.033459735    25.15812     1.00941 
  26.053894262    24.91886     1.00950 
  26.074328690    24.23223     1.00928 
  26.094763318    24.37375     1.00904 
  26.115197845    26.40921     1.00969 
  26.135632273    22.14662     1.00866 
  26.156066901    24.11720     1.00894 
  26.176501430    22.18843     1.00874 
  26.196935858    22.36506     1.00877 
  26.217370486    22.86973     1.00877 
  26.237805015    21.97361     1.00860 
  26.932579049    -3.07757     1.00008 
  26.953013481    -1.11292     1.00059 
  26.973448113    -2.61609     1.00015 
  26.993882646    -3.68264     0.99996 
  27.014317079    -0.01764     1.00062 
  27.034751711    -3.43452     0.99987 
  27.055186244    -0.80527     1.00052 
  27.075620777    -6.46968     0.99924 
  27.096055310    -6.10043     0.99940 
  27.116489843    -6.64442     0.99928 
  27.136924376    -7.31358     0.99923 
  27.157358910    -5.33061     0.99943 
  27.177793443    -5.80060     0.99924 
  27.218662411     3.89953     1.00431 
  27.239097044    -3.24766     0.99985 
  27.933871255   -35.95044     0.99282 
  27.954305793   -35.23611     0.99300 
  27.974740430   -34.81403     0.99294 
  27.995174868   -31.87540     0.99371 
  28.015609406   -34.03647     0.99332 
  28.036044043   -32.31727     0.99341 
  28.056478481   -31.38243     0.99383 
  28.076913019   -31.21863     0.99377 
  28.097347657   -29.37296     0.99397 
  28.117782096   -28.63858     0.99410 
  28.158651272   -30.55979     0.99404 
  28.179085811   -25.94807     0.99503 
  28.199520250   -25.64601     0.99498 
  28.219954888   -23.31486     0.99545 
  28.240389427   -22.91507     0.99542 
  28.914729264    17.84523     1.00769 
  28.935163906    15.54238     1.00715 
  28.955598348    15.27594     1.00722 
  28.976032891    19.01063     1.00784 
  28.996467533    18.54407     1.00763 
  29.016901975    18.38457     1.00775 
  29.037336518    19.45929     1.00800 
  29.057771061    17.93169     1.00759 
  29.078205604    20.51982     1.00821 
  29.098640147    19.94460     1.00809 
  29.119074790    19.92146     1.00795 
  29.139509233    22.93201     1.00878 
  29.159943776    22.38166     1.00861 
  29.180378419    20.74548     1.00815 
  29.200812863    21.55213     1.00840 
  29.221247406    24.10378     1.00889 
  29.241682050    22.74171     1.00878 
  29.916022041    20.37227     1.00779 
  29.936456587    20.17113     1.00764 
  29.956891234    20.69352     1.00773 
  29.977325681    18.44634     1.00728 
  29.997760228    20.77826     1.00764 
  30.018194875    18.30826     1.00744 
  30.038629322    15.75686     1.00692 
  30.059063870    16.22006     1.00701 
  30.079498517    15.51167     1.00687 
  30.099932965    14.24466     1.00659 
  30.120367512    13.80064     1.00643 
  30.140802160    15.46684     1.00654 
  30.161236607    13.11358     1.00608 
  30.181671155    13.47200     1.00605 
  30.202105803    11.43017     1.00573 
  30.222540251    13.02591     1.00602 
  30.242974799    11.37038     1.00562 
  30.917315136   -16.81464     0.99658 
  30.937749587   -19.37928     0.99587 
  30.958184138   -20.06402     0.99578 
  30.978618789   -19.26099     0.99577 
  30.999053240   -21.02569     0.99543 
  31.019487792   -24.01078     0.99483 
  31.039922443   -23.66519     0.99498 
  31.060356895   -25.55576     0.99452 
  31.080791446   -28.94658     0.99379 
  31.101226098   -27.11778     0.99422 
  31.121660650   -30.30943     0.99343 
  31.142095102   -31.35740     0.99326 
  31.162529754   -32.74382     0.99284 
  31.182964206   -34.22806     0.99259 
  31.203398758   -34.63465     0.99239 
  31.223833410   -35.24833     0.99233 
  32.919898027    27.06900     1.01111 
  32.940332686    26.93573     1.01112 
  32.960767245    26.95681     1.01086 
  32.981201704    29.36264     1.01132 
  33.001636363    27.18316     1.01086 
  33.022070922    25.64334     1.01035 
  33.042505481    28.38668     1.01098 
  33.062940041    26.91052     1.01062 
  33.083374600    28.67231     1.01091 
  33.103809160    27.21482     1.01057 
  33.124243719    29.42923     1.01106 
  33.144678279    29.40307     1.01086 
  33.165112838    27.82566     1.01050 
  33.185547498    27.34112     1.01028 
  33.205981958    27.98663     1.01072 
  33.226416518    26.49954     1.01013 
  33.900757135    11.81259     1.00588 
  33.921191697    12.83346     1.00598 
  33.941626260    11.25716     1.00587 
  33.962060822    10.67842     1.00591 
  33.982495385     9.55422     1.00559 
  34.002929947     9.86523     1.00549 
  34.023364510     8.22441     1.00516 
  34.043799073     5.86900     1.00475 
  34.064233536     8.12393     1.00527 
  34.084668199     5.06898     1.00452 
  34.105102761     4.50951     1.00444 
  34.125537224     3.40063     1.00425 
  34.145971888     3.39865     1.00409 
  34.166406451    -0.45305     1.00027 
  34.186840914    -1.30977     1.00016 
  34.207275577    -2.41538     0.99980 
  34.227710141    -1.25428     1.00028 
  34.902050768   -46.74285     0.99002 
  34.942919999   -46.16334     0.99022 
  34.963354465   -45.20347     0.99052 
  34.983789131   -44.52294     0.99044 
  35.004223696   -44.88420     0.99046 
  35.024658362   -45.01368     0.99031 
  35.045092828   -43.59190     0.99064 
  35.065527394   -44.68133     0.99016 
  35.085962060   -42.62704     0.99074 
  35.106396527   -42.78267     0.99083 
  35.126831093   -39.65666     0.99171 
  35.167700225    10.00469     1.00561 
  35.188134792   -18.43042     0.99641 
  35.208569458   -29.17758     0.99397 
  38.886792820   -26.39742     0.99476 
  38.907227296   -25.39333     0.99506 
  38.927661972   -22.39104     0.99568 
  38.948096548   -23.60204     0.99555 
  38.968531024   -19.83715     0.99634 
  38.988965700   -20.49702     0.99616 
  39.009400176   -17.11016     0.99685 
  39.029834752   -17.01690     0.99701 
  39.050269428   -16.54208     0.99713 
  39.070703904   -16.60919     0.99712 
  39.091138480   -15.37677     0.99749 
  39.111573157   -10.52442     0.99859 
  39.132007633   -11.50201     0.99848 
  39.152442209   -11.88830     0.99836 
  39.172876886    -8.13391     0.99915 
  39.193311462    -7.98980     0.99904 
  39.213745939    -8.26734     0.99901 
  39.888087184    21.33146     1.00855 
  39.908521662    21.66759     1.00858 
  39.928956339    22.06170     1.00882 
  39.949390917    21.69890     1.00882 
  39.969825395    21.69168     1.00867 
  39.990260073    20.98345     1.00875 
  40.010694651    23.64635     1.00914 
  40.031129229    25.03457     1.00942 
  40.051563807    23.18788     1.00906 
  40.071998385    25.67802     1.00955 
  40.092432963    25.99143     1.00947 
  40.112867541    26.29806     1.00966 
  40.133302119    25.72964     1.00943 
  40.153736698    27.32529     1.00976 
  40.174171376    26.22596     1.00959 
  40.194605854    25.40813     1.00946 
  40.889381635    21.39761     1.00919 
  40.909816214    21.71568     1.00939 
  40.930250894    19.38427     1.00861 
  40.950685373    19.94796     1.00880 
  40.971119953    21.10837     1.00903 
  40.991554632    19.70965     1.00871 
  41.011989209    18.05738     1.00836 
  41.032423688    18.11864     1.00826 
  41.052858368    17.17985     1.00793 
  41.073292848    17.13098     1.00797 
  41.093727427    16.97242     1.00806 
  41.114162107    15.23877     1.00778 
  41.134596687    13.09010     1.00719 
  41.155031167    12.95692     1.00731 
  41.175465846    11.32995     1.00693 
  41.195900326     8.93565     1.00630 
  41.911110738   -34.96562     0.99373 
  41.931545419   -36.82024     0.99353 
  41.951980000   -37.29686     0.99340 
  41.972414481   -35.79903     0.99359 
  41.992849162   -37.77847     0.99325 
  42.013283743   -36.80484     0.99353 
  42.033718224   -37.97394     0.99315 
  42.054152905   -39.94564     0.99267 
  42.074587486   -37.70990     0.99329 
  42.095021967   -37.45482     0.99344 
  42.115456648   -35.75265     0.99385 
  42.135891229   -37.65708     0.99350 
  42.156325710   -38.71503     0.99327 
  42.176760391   -37.84472     0.99334 
  42.197194972   -37.23190     0.99357 
  42.871536363    -5.95219     1.00053 
  42.891970845    -3.96552     1.00251 
  42.912405426    -3.42575     1.00396 
  42.932840108    -3.33266     1.00403 
  42.953274590    -3.05899     1.00422 
  42.973709172    -0.01497     1.00485 
  42.994143854    -0.70229     1.00457 
  43.014578336     2.38346     1.00520 
  43.035012918     2.46140     1.00517 
  43.055447600     2.68724     1.00532 
  43.075882083     3.51428     1.00549 
  43.096316665     9.24038     1.00668 
  43.116751347     6.39741     1.00600 
  43.137185829     7.85903     1.00630 
  43.157620411    10.01355     1.00695 
  43.178055093     9.54846     1.00660 
  43.198489675    11.39060     1.00725 
  43.872830997    28.95923     1.01172 
  43.893265580    27.52101     1.01121 
  43.913700063    29.05705     1.01152 
  43.934134746    30.79672     1.01185 
  43.954569328    29.38027     1.01162 
  43.975003811    28.99820     1.01167 
  43.995438494    28.92318     1.01150 
  44.015872977    29.84158     1.01197 
  44.036307560    30.60607     1.01211 
  44.056742243    30.84094     1.01202 
  44.077176825    31.32152     1.01199 
  44.097611308    32.34867     1.01223 
  44.118045991    31.62849     1.01210 
  44.138480574    29.92185     1.01174 
  44.158915057    31.38906     1.01205 
  44.179349740    29.14119     1.01178 
  44.199784323    29.62934     1.01197 
  44.874125667    -0.56377     1.00529 
  44.894560251    -0.67321     1.00532 
  44.914994834    -2.31472     1.00495 
  44.935429417    -5.20973     1.00442 
  44.955864001    -5.33637     1.00427 
  44.976298584    -6.99164     1.00256 
  44.996733168   -10.51883     1.00031 
  45.017167751   -13.51871     0.99958 
  45.037602334   -13.02720     0.99966 
  45.058036918   -13.79058     0.99955 
  45.078471501   -16.81567     0.99881 
  45.098906085   -17.41747     0.99864 
  45.119340768   -18.33966     0.99853 
  45.139775252   -21.74011     0.99789 
  45.160209835   -18.53771     0.99842 
  45.180644519   -22.14688     0.99767 
  45.875420460   -31.13698     0.99627 
  45.895854944   -26.51340     0.99725 
  45.916289528   -27.47645     0.99705 
  45.936724211   -26.14741     0.99738 
  45.957158795   -26.45670     0.99729 
  45.977593279   -27.00963     0.99722 
  45.998027962   -24.38064     0.99781 
  46.018462446   -25.66502     0.99770 
  46.038897030   -26.27164     0.99746 
  46.059331713   -25.64618     0.99768 
  46.079766197   -23.54483     0.99809 
  46.100200781   -23.81798     0.99808 
  46.120635465   -23.82443     0.99795 
  46.141069948   -21.26099     0.99842 
  46.161504532   -21.34531     0.99854 
  46.181939216   -17.79860     0.99926 
  46.876715163    10.41593     1.00905 
  46.897149747    12.09856     1.00933 
  46.917584230    14.56307     1.00989 
  46.938018914    13.27945     1.00955 
  46.958453498    15.86449     1.00997 
  46.978887982    14.41664     1.00965 
  46.999322665    16.16044     1.01027 
  47.019757249    17.17649     1.01038 
  47.040191733    20.00534     1.01106 
  47.060626417    18.21069     1.01072 
  47.081061000    18.71399     1.01078 
  47.101495484    17.75790     1.01067 
  47.121930168    18.75193     1.01078 
  47.142364751    18.96477     1.01099 
  47.162799335    20.46717     1.01123 
  47.183233919    20.53445     1.01131 
  47.857575279    32.39711     1.01368 
  47.878009962    29.94809     1.01329 
  47.898444446    30.07628     1.01326 
  47.918879029    31.58427     1.01350 
  47.939313713    27.67553     1.01269 
  47.959748196    26.90270     1.01270 
  47.980182780    28.29445     1.01282 
  48.000617464    30.32311     1.01339 
  48.021051947    27.54338     1.01267 
  48.041486530    24.40180     1.01209 
  48.061921214    25.90136     1.01237 
  48.082355697    26.51365     1.01268 
  48.102790281    22.05301     1.01172 
  48.123224964    21.38239     1.01150 
  48.143659548    20.60972     1.01132 
  48.164094031    21.28612     1.01154 
  48.184528715    18.10160     1.01082 
  52.843613906   -20.64207     1.00059 
  52.864048484   -21.84524     1.00021 
  52.884483163   -23.05246     1.00003 
  52.904917642   -22.14077     1.00020 
  52.925352220   -20.76123     1.00030 
  52.945786899   -24.13045     0.99949 
  52.966221377   -22.34424     0.99989 
  52.986655956   -23.88844     0.99975 
  53.007090634   -24.41333     0.99963 
  53.027525213   -28.14604     0.99883 
  53.047959791   -27.45529     0.99903 
  53.068394369   -26.26803     0.99932 
  53.088828948   -29.78764     0.99866 
  53.109263526   -28.02198     0.99898 
  53.129698104   -28.30383     0.99892 
  53.150132582   -29.31575     0.99866 
  53.170567261   -28.65768     0.99878 
  53.844908421    -6.89890     1.00653 
  53.865342898    -5.68747     1.00675 
  53.885777574    -2.56318     1.00754 
  53.906212051    -3.30367     1.00750 
  53.926646628    -1.80773     1.00776 
  53.947081305    -1.10699     1.00790 
  53.967515882    -1.15628     1.00803 
  53.987950458    -0.95935     1.00813 
  54.008385035     1.01011     1.00842 
  54.028819612     0.85551     1.00839 
  54.049254188     4.47733     1.00927 
  54.069688765     5.44873     1.00932 
  54.090123341     4.33279     1.00911 
  54.110558018     5.88199     1.00953 
  54.130992494     4.14774     1.00927 
  54.151427071     8.48982     1.01000 
  54.846202744    27.96271     1.01437 
  54.866637319    27.82755     1.01430 
  54.887071894    27.35497     1.01423 
  54.907506468    27.60885     1.01427 
  54.927941043    28.51771     1.01432 
  54.948375718    29.57617     1.01461 
  54.968810193    26.93866     1.01400 
  54.989244767    26.88385     1.01391 
  55.009679442    24.27714     1.01362 
  55.050548491    24.97211     1.01364 
  55.070983166    23.82865     1.01352 
  55.091417640    23.75346     1.01337 
  55.111852314    21.13900     1.01286 
  55.132286889    23.39074     1.01341 
  55.152721363    24.62661     1.01360 
  55.847497062    -0.90567     1.00842 
  55.867931535    -0.22782     1.00874 
  55.888366208    -0.88124     1.00836 
  55.908800780    -1.64332     1.00828 
  55.929235253    -0.74290     1.00834 
  55.949669925    -1.46032     1.00823 
  55.970104398    -1.12927     1.00823 
  55.990538970    -2.15917     1.00800 
  56.010973642    -4.36127     1.00764 
  56.031408115    -0.93853     1.00836 
  56.051842687    -2.97390     1.00780 
  56.072277359    -6.44852     1.00730 
  56.092711831    -4.70644     1.00774 
  56.113146403    -5.03457     1.00753 
  56.133581075    -6.42021     1.00719 
  56.154015647    -5.27744     1.00742 
  56.848791164   -27.75365     0.99971 
  56.869225634   -26.33840     1.00004 
  56.889660204   -28.95880     0.99947 
  56.910094874   -28.28129     0.99961 
  56.930529344   -27.66822     0.99973 
  56.950964014   -27.91195     0.99972 
  56.971398584   -24.73664     1.00036 
  56.991833154   -26.49894     0.99991 
  57.012267724   -26.50290     1.00019 
  57.032702294   -25.72138     1.00022 
  57.053136863   -24.96876     1.00043 
  57.073571433   -26.14165     0.99994 
  57.094006002   -24.12942     1.00042 
  57.114440572   -23.87167     1.00064 
  57.134875141   -23.41887     1.00066 
  57.155309711   -23.05969     1.00218 
  57.829650569     4.20228     1.00966 
  57.870519704     4.65611     1.00981 
  57.890954271     4.35121     1.00985 
  57.911388838     5.59791     1.01000 
  57.931823406     7.83658     1.01059 
  57.952258073     7.83193     1.01085 
  57.972692540    11.14179     1.01154 
  57.993127107     9.32194     1.01112 
  58.013561774    10.19896     1.01133 
  58.033996341    13.47544     1.01196 
  58.054430808    13.27266     1.01177 
  58.074865474    12.11620     1.01164 
  58.095299941    14.82908     1.01214 
  58.115734508    16.65539     1.01265 
  58.136169175    16.32416     1.01241 
  58.156603641    14.58337     1.01223 
  58.830944503    19.49981     1.01340 
  58.851379067    19.32955     1.01348 
  58.871813531    17.02559     1.01286 
  58.892248196    17.47752     1.01294 
  58.912682760    15.70533     1.01266 
  58.933117224    17.32163     1.01288 
  58.953551888    15.97263     1.01264 
  58.973986452    14.16284     1.01236 
  58.994420916    14.86487     1.01242 
  59.014855580    14.70476     1.01228 
  59.035290144    16.10925     1.01263 
  59.055724608    16.87030     1.01284 
  59.076159272    15.84943     1.01246 
  59.096593835    17.03411     1.01263 
  59.117028299    14.67981     1.01204 
  59.137462962    15.26346     1.01228 
  59.832238182    -6.33427     1.00775 
  59.852672744    -9.01944     1.00708 
  59.873107305    -9.80647     1.00698 
  59.893541966   -10.75129     1.00675 
  59.913976427   -11.62624     1.00651 
  59.934410987   -12.80670     1.00645 
  59.954845648   -14.32054     1.00609 
  59.975280109   -16.38920     1.00555 
  59.995714770   -17.59453     1.00545 
  60.016149330   -16.63328     1.00553 
  60.036583791   -19.14751     1.00516 
  60.057018451   -20.78583     1.00476 
  60.077453012   -23.01091     1.00437 
  60.097887472   -22.74954     1.00421 
  60.118322132   -23.28561     1.00411 
  60.138756693   -23.86866     1.00388 
  61.099181140    -8.73571     1.00478 
  61.119615596   -10.37343     1.00522 
  61.140050153   -13.03701     1.00517 
  61.814390677    11.40832     1.01135 
  61.834825131    11.80941     1.01147 
  61.855259785    10.30288     1.01127 
  61.875694339    12.04032     1.01156 
  61.896128793    14.64893     1.01220 
  61.916563446    12.21170     1.01151 
  61.936998000    14.08102     1.01206 
  61.957432453    14.96321     1.01214 
  61.977867107    13.30544     1.01212 
  61.998301660    21.04144     1.01380 
  62.039170767    22.31774     1.01396 
  62.059605320    19.73081     1.01343 
  62.080039873    18.84467     1.01303 
  62.100474426    19.99218     1.01333 
  62.120908978    20.82756     1.01361 
  62.141343531    17.66155     1.01284 
  62.815683826    16.30420     1.01282 
  62.836118376    15.14663     1.01250 
  62.876987476    15.52294     1.01252 
  62.897422026    17.56992     1.01266 
  62.917856675    14.72360     1.01243 
  62.938291125    14.95039     1.01222 
  62.958725774    14.48133     1.01234 
  62.979160224    14.23382     1.01238 
  62.999594773    14.71474     1.01224 
  63.020029422    11.63536     1.01182 
  63.040463871    11.74953     1.01175 
  63.060898420    11.53316     1.01167 
  63.081333069    10.90236     1.01150 
  63.101767518    10.25961     1.01136 
  63.142636715     8.33307     1.01098 
  63.816976773   -19.29402     1.00529 
  63.837411419   -22.31249     1.00455 
  63.857845964   -21.48631     1.00496 
  63.878280410   -22.62195     1.00436 
  63.898715055   -21.79948     1.00463 
  63.919149601   -21.68961     1.00450 
  63.939584046   -23.30755     1.00425 
  63.960018691   -21.44872     1.00473 
  63.980453236   -24.93667     1.00411 
  64.000887781   -24.14835     1.00432 
  64.021322326   -25.07613     1.00423 
  64.041756871   -25.16603     1.00428 
  64.062191515   -25.04524     1.00408 
  64.082626060   -23.72412     1.00438 
  64.103060505   -26.99449     1.00361 
  64.123495149   -27.75485     1.00356 
  64.818269705   -16.71002     1.00589 
  64.838704247   -20.42768     1.00507 
  64.859138688   -16.02692     1.00614 
  64.879573329   -14.54827     1.00624 
  64.900007870   -15.12469     1.00626 
  64.920442410   -12.06019     1.00686 
  64.940876951   -12.79655     1.00677 
  64.961311492   -12.53183     1.00677 
  64.981746032   -12.20955     1.00705 
  65.002180573   -11.54339     1.00712 
  65.022615113   -11.00078     1.00722 
  65.043049653   -11.20141     1.00716 
  65.063484194    -9.95694     1.00756 
  65.083918734    -6.33177     1.00830 
  65.104353174    -4.58392     1.00864 
  65.819562212    18.26206     1.01401 
  65.839996748    20.06333     1.01427 
  65.860431384    20.15642     1.01427 
  65.880865821    18.19271     1.01398 
  65.901300357    19.08393     1.01425 
  65.921734993    22.30002     1.01509 
  65.942169429    21.00685     1.01487 
  65.983038601    20.91488     1.01509 
  66.003473136    21.08342     1.01489 
  66.023907572    22.37529     1.01487 
  66.064776743    24.21468     1.01531 
  66.085211178    24.62738     1.01547 
  66.105645813    21.10373     1.01467 
  66.126080348    21.79173     1.01482 
  66.800420048     2.52103     1.01155 
  66.820854580     1.17289     1.01136 
  66.841289111    -1.22786     1.01104 
  66.861723643    -1.43933     1.01067 
  66.882158174    -4.63348     1.00986 
  66.902592805    -2.21002     1.01024 
  66.923027236    -2.67597     1.01011 
  66.943461767    -4.98854     1.00991 
  66.963896398    -4.84194     1.00987 
  66.984330929    -5.89318     1.00981 
  67.004765360    -8.33032     1.00925 
  67.025199990    -8.78268     1.00891 
  67.045634521    -9.23048     1.00890 
  67.066068951    -7.48281     1.00903 
  67.086503581   -10.46368     1.00841 
  67.106938111    -7.87383     1.00892 
  67.127372541   -10.23285     1.00845 
  67.801712172   -27.19830     1.00519 
  67.822146699   -27.31333     1.00489 
  67.842581225   -26.05854     1.00523 
  67.863015651   -25.73110     1.00518 
  67.883450277   -26.04417     1.00516 
  67.903884803   -26.83060     1.00505 
  67.924319329   -28.67050     1.00445 
  67.944753855   -26.79980     1.00518 
  67.965188380   -25.91314     1.00548 
  67.985622906   -27.07760     1.00511 
  68.006057531   -27.30731     1.00517 
  68.026491956   -29.48652     1.00466 
  68.046926481   -28.39683     1.00490 
  68.067361107   -26.46788     1.00534 
  68.087795531   -26.03996     1.00550 
  68.108230056   -27.24863     1.00519 
  68.128664681   -27.49314     1.00524 
  68.803003935    -3.47109     1.01073 
  68.823438556    -4.97933     1.01056 
  68.843873077    -1.10320     1.01110 
  68.864307497     0.53547     1.01157 
  68.884742118     2.09172     1.01177 
  68.905176638     0.41167     1.01159 
  68.925611159     1.20575     1.01183 
  68.946045679     1.99149     1.01213 
  68.966480199     1.94400     1.01201 
  68.986914819     3.22392     1.01237 
  69.007349239     4.61214     1.01269 
  69.027783759     5.71345     1.01295 
  69.048218378     6.51442     1.01299 
  69.068652798     7.03612     1.01310 
  69.089087317     8.71919     1.01354 
  69.109521937     9.21439     1.01368 
  69.804295625    27.35273     1.01777 
  69.824730140    26.48217     1.01771 
  69.845164555    25.27727     1.01739 
  69.865599070    27.14273     1.01778 
  69.886033685    26.28592     1.01740 
  69.906468100    24.94347     1.01734 
  69.926902714    23.10950     1.01691 
  69.947337129    23.13522     1.01690 
  69.967771743    21.65356     1.01673 
  69.988206257    21.95012     1.01672 
  70.008640672    22.59382     1.01679 
  70.049509800    18.46595     1.01573 
  70.069944213    21.12136     1.01652 
  70.090378827    19.05167     1.01611 
  70.110813341    16.84569     1.01567 
  70.805586830    -3.69916     1.01108 
  70.826021340    -5.86074     1.01076 
  70.846455849    -4.35869     1.01105 
  70.866890358    -5.01977     1.01075 
  70.887324867    -1.23001     1.01132 
  70.907759476    -3.61906     1.01096 
  70.928193884    -8.56209     1.01028 
  70.948628393    -7.83873     1.01039 
  70.969063001    -9.51086     1.00958 
  70.989497410    -8.34107     1.00995 
  71.009932018   -11.14231     1.00948 
  71.030366526   -11.67709     1.00955 
  71.050800934   -13.97529     1.00891 
  71.071235542   -13.45255     1.00898 
  71.091670049   -14.41586     1.00883 
  71.112104457   -15.50435     1.00860 
  71.786443337   -32.10726     1.00482 
  71.806877840   -30.11766     1.00535 
  71.827312343   -31.59261     1.00501 
  71.847746846   -31.17673     1.00522 
  71.868181349   -31.29468     1.00487 
  71.888615952   -29.88503     1.00539 
  71.929484857   -30.18116     1.00566 
  71.949919460   -28.44897     1.00575 
  71.970353862   -27.62692     1.00553 
  71.990788364   -26.84290     1.00585 
  72.011222866   -23.33542     1.00708 
  72.031657368   -23.80740     1.00678 
  72.052091970   -21.65976     1.00692 
  72.072526371   -22.06790     1.00698 
  72.092960873   -22.02574     1.00689 
  72.113395474   -20.46992     1.00733 
  72.787733946    15.32756     1.01586 
  72.808168543    16.15898     1.01573 
  72.828603040    20.20038     1.01663 
  72.849037436    24.03780     1.01744 
  72.889906529    60.50315     1.02512 
  72.910340925    35.92799     1.01955 
  72.930775522    31.36377     1.01904 
  72.951210018    28.67455     1.01825 
  72.971644413    29.20459     1.01849 
  72.992079009    30.66096     1.01876 
  73.012513505    30.08953     1.01855 
  73.032947900    30.75887     1.01891 
  73.053382495    28.55436     1.01852 
  73.073816991    29.96375     1.01850 
  73.094251586    30.72471     1.01881 
  73.789024437    21.83836     1.01729 
  73.809458927    17.40680     1.01638 
  73.829893318    20.42174     1.01690 
  73.850327908    15.14198     1.01577 
  73.870762397    16.59603     1.01624 
  73.891196787    16.06753     1.01611 
  73.911631377    13.19032     1.01553 
  73.932065866    14.44744     1.01580 
  73.952500256    14.15742     1.01567 
  73.972934845    13.45780     1.01542 
  73.993369334    17.29642     1.01638 
  74.013803723    13.49695     1.01555 
  74.034238312    13.92892     1.01561 
  74.054672700    13.12021     1.01569 
  74.075107189    10.51212     1.01497 
  74.095541777    10.79095     1.01513 
  74.790314399   -21.45672     1.00840 
  74.810748882   -22.33770     1.00807 
  74.831183266   -22.29451     1.00810 
  74.851617849   -23.83398     1.00785 
  74.872052342   -26.17520     1.00740 
  74.892486925   -27.21534     1.00694 
  74.912921308   -25.88260     1.00717 
  74.933355790   -28.07223     1.00681 
  74.953790373   -28.06603     1.00670 
  74.974224755   -30.14820     1.00625 
  74.994659237   -30.04410     1.00631 
  75.015093819   -32.26900     1.00599 
  75.035528201   -31.45462     1.00590 
  75.076397265   -33.55253     1.00556 
  75.096831646   -33.49833     1.00574 
  75.791604131   -14.21248     1.01013 
  75.812038507   -10.34556     1.01110 
  75.832473083    -9.50088     1.01121 
  75.852907559    -6.51365     1.01177 
  75.873341935    -4.08829     1.01221 
  75.893776511    -4.63641     1.01219 
  75.914210987    -2.49444     1.01262 
  75.934645362     0.64181     1.01349 
  75.955079938    -0.42715     1.01327 
  75.975514413     1.57767     1.01362 
  75.995948988     1.09683     1.01361 
  76.016383363     7.51679     1.01486 
  76.036817838     4.10343     1.01423 
  76.057252412     6.73269     1.01477 
  76.077686787     7.18410     1.01491 
  76.098121261     8.77752     1.01520 
  76.772459031    38.29588     1.02164 
  76.792893401    40.93812     1.02210 
  76.813327970    39.86228     1.02198 
  76.833762339    36.10238     1.02122 
  76.854196808    37.28912     1.02161 
  76.874631376    35.60717     1.02112 
  76.895065745    37.25014     1.02159 
  76.915500213    35.73433     1.02102 
  76.935934781    34.87796     1.02092 
  76.956369149    36.17628     1.02111 
  76.976803617    33.27826     1.02054 
  81.758465646   -22.08502     1.00836 
  81.778899976   -25.38163     1.00779 
  81.799334406   -24.26028     1.00784 
  81.819768935   -27.59371     1.00700 
  81.840203364   -26.00563     1.00756 
  81.860637693   -29.09817     1.00697 
  81.881072222   -28.83913     1.00688 
  81.901506651   -30.57347     1.00652 
  81.921940980   -31.01499     1.00641 
  81.942375508   -33.44981     1.00586 
  81.962809936   -35.09975     1.00555 
  81.983244264   -36.31428     1.00526 
  82.003678792   -36.34628     1.00540 
  82.024113220   -36.38336     1.00529 
  82.044547548   -36.34189     1.00542 
  82.064982075   -38.84726     1.00474 
  82.085416502   -37.85005     1.00500 
  82.759752701   -24.27258     1.00791 
  82.780187022   -24.23696     1.00765 
  82.800621443   -21.90358     1.00832 
  82.821055964   -19.59032     1.00872 
  82.841490285   -18.46475     1.00926 
  82.861924706   -18.17250     1.00916 
  82.882359226   -15.72245     1.00960 
  82.902793546   -10.83259     1.01065 
  82.923227966   -12.42790     1.01037 
  82.943662486    -7.12543     1.01168 
  82.964096805    -6.90957     1.01151 
  82.984531325    -6.75178     1.01168 
  83.004965744    -2.72045     1.01244 
  83.025400063    -3.11526     1.01245 
  83.045834582    -1.55014     1.01282 
  83.066269001     0.00000     1.01320 
  83.761039231    40.92264     1.02196 
  83.781473644    40.05301     1.02194 
  83.801908056    42.39440     1.02242 
  83.822342468    41.01822     1.02211 
  83.842776780    38.28151     1.02149 
  83.863211292    39.92775     1.02165 
  83.883645703    40.99189     1.02205 
  83.904080015    39.93773     1.02190 
  83.924514526    39.01838     1.02178 
  83.944948937    38.90155     1.02163 
  83.965383348    37.22795     1.02126 
  83.985817758    41.58982     1.02236 
  84.006252169    39.48356     1.02201 
  84.026686579    37.18011     1.02117 
  84.047120989    37.73021     1.02141 
  84.067555399    35.62171     1.02094 
  84.762325327    11.15573     1.01566 
  84.782759730     9.27900     1.01507 
  84.803194233     9.68706     1.01523 
  84.823628536     7.91555     1.01492 
  84.844062939     6.29237     1.01456 
  84.864497442     5.46052     1.01456 
  84.884931745     4.59993     1.01436 
  84.905366147     4.71977     1.01439 
  84.925800649     2.64560     1.01391 
  84.946235051    -0.20992     1.01320 
  84.966669453    -2.93192     1.01265 
  84.987103854    -4.19755     1.01234 
  85.007538256    -3.66578     1.01250 
  85.027972657    -5.00488     1.01202 
  85.048407058    -5.96424     1.01194 
  85.068841459    -7.78169     1.01142 
  85.743176682   -42.28540     1.00396 
  85.763611077   -42.17545     1.00405 
  85.784045571   -43.99909     1.00356 
  85.804479865   -41.90832     1.00414 
  85.824914259   -43.44951     1.00403 
  85.845348753   -42.64114     1.00406 
  85.865783046   -41.73608     1.00407 
  85.886217440   -42.22827     1.00406 
  85.906651833   -42.40146     1.00414 
  85.927086226   -43.52952     1.00381 
  85.947520618   -41.66071     1.00427 
  85.967955011   -42.33065     1.00411 
  85.988389403   -41.36450     1.00437 
  86.008823796   -40.43844     1.00443 
  86.029258288   -37.15602     1.00505 
  86.049692579   -38.83599     1.00470 
  86.070126971   -36.01781     1.00520 
  86.744461887     9.39050     1.01534 
  86.764896272     9.55491     1.01540 
  86.785330757    12.56504     1.01600 
  86.805765041    12.27734     1.01598 
  86.826199426    15.12512     1.01667 
  86.846633910    17.73269     1.01710 
  86.867068294    16.81412     1.01709 
  86.887502578    20.11142     1.01778 
  86.907937062    20.96220     1.01795 
  86.928371446    21.18864     1.01812 
  86.948805729    23.27202     1.01842 
  86.969240212    22.66970     1.01826 
  86.989674595    26.78018     1.01910 
  87.010109078    27.24244     1.01917 
  87.030543360    29.07555     1.01953 
  87.050977743    29.42484     1.01970 
  87.071412225    30.47100     1.01992 
  87.745746727    28.01958     1.01926 
  87.766181102    27.95058     1.01932 
  87.786615478    28.10905     1.01934 
  87.807049853    28.64228     1.01960 
  87.827484328    26.72684     1.01894 
  87.847918702    25.66150     1.01879 
  87.868352977    25.69419     1.01888 
  87.888787451    26.60915     1.01901 
  87.909221825    24.26406     1.01860 
  87.929656099    25.45261     1.01882 
  87.950090573    23.85394     1.01844 
  87.990959220    24.08752     1.01855 
  88.011393693    21.54998     1.01795 
  88.031827966    23.37878     1.01848 
  88.052262339    20.61514     1.01764 
  88.747030993   -19.48966     1.00897 
  88.767465458   -22.45677     1.00842 
  88.787899824   -22.93442     1.00819 
  88.808334089   -23.24242     1.00827 
  88.849202919   -27.39274     1.00723 
  88.869637184   -29.60628     1.00678 
  88.890071648   -29.19823     1.00686 
  88.910506013   -31.80012     1.00642 
  88.930940277   -32.76636     1.00623 
  88.951374741   -32.20973     1.00644 
  88.971809104   -35.34339     1.00576 
  88.992243368   -36.11890     1.00560 
  89.012677831   -37.71756     1.00512 
  89.033112194   -37.05605     1.00510 
  89.053546657   -35.60614     1.00544 
  89.748314875   -39.57484     1.00475 
  89.768749330   -38.87083     1.00482 
  89.789183586   -38.25329     1.00497 
  89.809617941   -35.63771     1.00549 
  89.830052396   -35.88454     1.00549 
  89.850486651   -34.57323     1.00568 
  89.870921106   -32.95039     1.00603 
  89.891355460   -32.97387     1.00602 
  89.911789715   -29.23720     1.00670 
  89.932224169   -27.66073     1.00718 
  89.952658523   -26.46771     1.00731 
  89.973092776   -24.07290     1.00796 
  89.993527230   -22.39121     1.00817 
  90.013961583   -21.79560     1.00840 
  90.034395936   -20.05679     1.00875 
  90.729163917    23.42937     1.01812 
  90.749598263    22.80529     1.01821 
  90.770032609    20.23970     1.01755 
  90.790466954    21.97249     1.01788 
  90.810901299    19.84274     1.01759 
  90.831335644    20.45555     1.01756 
  90.851769889    28.04934     1.01920 
  90.892638678    25.11631     1.01843 
  90.913072922    25.58854     1.01866 
  90.933507366    24.34459     1.01835 
  90.974376053    21.96414     1.01787 
  90.994810396    22.16150     1.01782 
  91.015244739    22.51123     1.01808 
  91.035679082    22.99697     1.01791 
  91.056113425    20.19625     1.01743 
  91.730446714    12.69701     1.01565 
  91.750881149    10.24361     1.01515 
  91.771315384     8.16015     1.01482 
  91.791749719     5.90152     1.01439 
  91.812184154     5.74055     1.01415 
  91.832618389     6.47080     1.01451 
  91.853052723     5.32880     1.01401 
  91.873487157     2.66393     1.01334 
  91.893921391     1.53939     1.01314 
  91.914355825     0.98688     1.01307 
  91.934790158    -1.78992     1.01246 
  91.955224492    -1.47323     1.01256 
  91.975658825    -2.35197     1.01227 
  91.996093158    -4.14739     1.01190 
  92.016527490    -4.92788     1.01174 
  92.036961823    -6.78250     1.01104 
  92.731728998   -51.55408     0.99808 
  92.752163423   -50.87141     0.99825 
  92.772597748   -52.20397     0.99804 
  92.793032172   -51.40868     0.99824 
  92.813466396   -54.12672     0.99766 
  92.833900720   -51.61611     0.99803 
  92.854335144   -53.03935     0.99806 
  92.874769368   -54.35196     0.99775 
  92.895203691   -53.64683     0.99781 
  92.915638014   -55.45103     0.99762 
  92.936072337   -52.98326     0.99823 
  92.956506660   -54.15967     0.99793 
  92.976940983   -52.66459     0.99823 
  92.997375305   -55.09804     0.99753 
  93.017809627   -52.97483     0.99820 
  93.038244049   -52.68928     0.99791 
  93.733010962   -12.71749     1.00914 
  93.753445176    -6.45609     1.01070 
  93.773879490    -2.83745     1.01148 
  93.794313904    -1.50893     1.01169 
  93.814748117    -1.90838     1.01163 
  93.835182430    -2.17999     1.01141 
  93.855616843    -0.82514     1.01193 
  93.876051156     0.25492     1.01246 
  93.896485369     1.98168     1.01248 
  93.916919781     2.36023     1.01295 
  93.937354094     5.38007     1.01330 
  93.957788306     7.03328     1.01345 
  93.978222717     6.96704     1.01355 
  93.998657029     6.00390     1.01320 
  94.019091440    10.56021     1.01407 
  94.039525651    10.10191     1.01406 
