# time
0.2627233608
0.6050382295
0.6628425378
1.0223640567
1.1956296876
1.5444571605
1.9587960125
2.1846916349
2.3499783323
2.6042298651
2.8567224458
3.2805895302
3.3655413146
3.7102054778
3.9040730169
4.1527984776
4.6175888871
4.7841578697
4.8900702761
5.2081655771
5.4316666803
5.7050893565
6.1386038872
6.4298677120
6.4950653853
6.9402407384
7.2161641414
7.3291061370
7.5753001360
7.8369472508
8.1218031008
8.4288067012
8.7519264308
8.8651602249
9.3622477970
9.5294683180
9.7355752434
9.9450827315
10.2490703667
10.6419657797
10.9356422613
11.1604041721
11.4418671456
11.6070634496
11.8204325779
12.0555294794
12.2947094302
12.7185519539
12.8811108502
13.1184805288
13.5979164163
13.7067209891
13.8943594191
14.3111347167
14.4889679323
14.7522523332
14.9969735257
15.2255072946
15.5247254122
15.8666106192
16.1529264020
16.5037620894
16.6861801177
16.8596386201
17.1450306160
17.5600101845
17.7346607624
18.0954277248
18.2316808276
18.4990373644
18.8554780321
19.1210758504
19.3209713741
19.5234018126
19.9178803230
20.0871949386
20.3662518804
20.5316360888
20.9607297289
21.2526636432
21.4992797732
21.7450603724
21.8307720384
22.1274212638
22.4307129585
22.6820499618
23.1099431805
23.3475398522
23.4805658210
23.7929048005
23.9437554887
24.3819483030
24.4894118920
24.8858025320
25.0974963865
25.2592791622
25.7083240627
25.9469006718
26.2714831671
26.4478421893
26.8218413010
26.9541757466
27.2397433217
27.4290270994
27.6707049363
27.9758865996
28.2026009560
28.6662914302
28.8645973570
29.1777326416
29.4658781043
29.5954888171
29.9239563930
30.1494583630
30.2741645679
30.6490222206
30.8800052991
31.2439184446
31.4692751687
31.7834202571
32.0055351684
32.2912472542
32.5038566035
32.7372691400
33.0736219315
33.2414469605
33.6153776106
33.8163854637
34.0683426469
34.4168778105
34.6695020678
34.9794032645
35.0950990421
35.4455468498
35.6334505087
35.9225438560
36.2552829700
36.5772959930
36.7538368854
36.9529690931
37.3063374644
37.4322081791
37.7231041892
38.1273307482
38.4140720732
38.6096998862
38.8411110069
39.0209961544
39.4214336671
39.6616564877
39.9957973993
40.1409350738
40.3746963306
40.8261780287
40.9798564155
41.2149119726
41.5545915156
41.7998939162
42.1056372342
42.1612193791
42.5684506897
42.8225596159
42.9717593681
43.3143535458
43.7201850160
43.8356788463
44.2517719843
44.3962901509
44.6628592671
44.8936264444
45.0902730083
45.3833447518
45.6767605872
46.0781162144
46.2518533843
46.5474734363
46.7587425673
47.0950136965
47.3736548284
47.6791718326
47.9430633512
48.0612139499
48.4767626287
48.5983411727
48.9027980775
49.0933748208
49.3831109888
49.6710203436
50.0842301890
50.2955012811
50.3588665309
50.7541713095
50.9561836011
51.3466864503
51.5029861371
51.7798046701
51.9587335955
52.2124460138
52.7249568483
52.8612991864
53.1521810487
53.3842082463
53.5493937574
54.0082441512
54.3060224698
54.4472707626
54.8350051936
54.8567956572
55.1876459040
55.3795496632
55.6752699280
56.0084859707
56.2904062886
56.6798984100
56.8692454603
57.0062956889
57.4433234704
57.6337503787
57.8946170047
58.1560089856
58.4015433977
58.7514733714
58.9257577639
59.1802839321
59.4101420818
59.8049715929
60.0140619074
60.3473200047
60.5691836810
60.6917623999
61.1639167404
61.2672568773
61.7136181564
61.8724727943
62.1961633894
62.3338915964
62.5185533112
63.0020837062
63.2035524070
63.4207935013
63.8282659233
63.8391801070
64.3479040863
64.4695448791
64.7363574398
65.1251164742
65.3271691316
65.4163138177
65.8242434811
66.1566192375
66.2955552764
66.6953361502
66.8354132702
67.2114128217
67.5008439314
67.6364359584
67.9907666785
68.1360320540
68.4197466160
68.7168537702
69.1087422221
69.2849136498
69.6180934961
69.7652134752
70.1448221794
70.3951996283
70.4631936692
70.8707528294
71.2287680320
71.3940563798
71.5990417234
71.9042666806
72.0997165493
72.2939063013
72.7651459072
72.9462477094
73.2203085963
73.5583686741
73.7713090288
73.9007277205
74.2176380957
74.4256351800
74.8745923141
74.9717091197
75.4181639157
75.6526921819
75.9099138267
76.2086652756
76.3961225168
76.6071071111
76.9530034681
77.2286851509
77.5425312885
77.6450927392
77.9567205114
78.2329761807
78.5285908285
78.6882996132
78.9689968065
79.4111768747
79.4570135622
79.7509705062
80.0512100519
80.3185600224
80.7343987996
80.9515559003
81.0589562340
81.5014587896
81.7543275241
82.0124693721
82.3196393415
82.5612322558
82.7160068077
83.0822592731
83.3252762922
83.6473453675
83.7251355389
83.9795718683
84.2702523876
84.4605676473
84.8997740224
85.2253726937
85.2658570692
85.6075149551
85.9875197128
86.2600537029
86.3182820640
86.8035120352
86.8910196926
87.1254088841
87.4660852861
87.8588278201
87.9493751298
88.2947792247
88.5583613785
88.7718314965
89.0326803531
89.2762641815
89.5171889216
89.8215477261
90.1845156512
90.4597007177
90.7536253032
90.9453632701
91.0942099766
91.4191160414
91.7813901406
91.8593329234
92.1519228493
92.5010660153
92.7202627788
93.1237492265
93.4248294173
93.5145593965
93.7796080950
93.9755770408
94.2983117208
94.5848546873
94.9157415557
95.1264649655
95.4033621763
95.5851718463
95.9244742472
96.1615667372
96.3630745054
96.8613397095
97.0696945313
97.2568500292
97.6472791512
97.7905005125
97.9633355391
98.1902830393
98.6213178889
98.9153983244
99.1932087477
99.2827731779
99.6671298018
99.8190448685
100.1325514331
100.4562609953
100.5985947667
101.0400271948
101.2922680438
101.5141266888
101.6577330932
102.1398905924
102.4110659634
102.4240002962
102.7131705762
103.2104701185
103.2915642522
103.4806053664
103.7662736579
104.1860638932
104.2912524331
104.5775508459
105.0264954344
105.2442360453
105.4629200579
105.7262651172
106.0149772328
106.3606993259
106.4595026894
106.6491457993
106.9459707033
107.2563009088
107.6612184220
107.8742976885
107.9728019775
108.3110989188
108.5357888315
108.7992433800
109.1439940326
109.3815980262
109.5739507805
109.9847157137
110.2369654700
110.4395236068
110.6646627643
111.0230482199
111.3039299348
111.6634945890
111.8540936115
112.1455832988
112.2316335109
112.6386969913
112.9116769434
113.2051710834
113.2805650354
113.7218246162
114.0064576476
114.0787275623
114.5697053370
114.5867679839
115.0745424731
115.3512798531
115.6147612085
115.6473344186
115.9303982318
116.2712810097
116.4319185737
116.7885291119
117.0343002444
117.4236548347
117.5849615495
117.7545659765
118.0526393064
118.3174460685
118.5470410067
118.8528387995
119.3070830649
119.4186464822
119.6995118294
120.1141509663
120.3573703206
120.3923387948
120.8890849900
121.0433812050
121.4057887209
121.6355298440
121.7999933191
122.0829577532
122.3731027325
122.5727867984
122.8422050770
123.2433262562
123.5344620239
123.6596963442
124.0335182257
124.3465315344
124.6137371732
124.8165776587
125.1058689808
125.2514755083
125.4491971786
125.7087949971
126.2037810216
126.3455095566
126.5839759809
126.9505657302
127.2233963595
127.2722344689
127.6444600047
127.8683011961
128.0596196207
128.4232651829
128.8070848573
128.9273561246
129.2165198639
129.4618356161
129.6945717849
129.9193419660
130.2332759380
130.6906889961
130.8840149198
130.9807653478
131.4034708728
131.6603388172
131.9890421945
132.0323048118
