# time
0.0000000000
0.0069612000
0.0138869000
0.0208777000
0.0278743000
0.0347993000
0.0417181000
0.0486444000
0.0555763000
0.0625136000
0.0694659000
0.0763862000
0.0833743000
0.0903721000
0.0972993000
0.1042218000
0.1111350000
0.1180474000
0.1250367000
0.1320425000
0.1389697000
0.1458880000
0.1528115000
0.1565003000
0.9952046000
0.9999875000
1.0069821000
1.0139699000
1.0208895000
1.0278017000
1.0347198000
1.0416435000
1.0486374000
1.0556267000
1.0625365000
1.0694939000
1.0764278000
1.0833656000
1.0902950000
1.0972215000
1.1042195000
1.1111557000
1.1180965000
1.1250276000
1.1319611000
1.1388992000
1.1458367000
1.1526910000
1.9939206000
2.0000517000
2.0069857000
2.0139394000
2.0208977000
2.0278475000
2.0347987000
2.0417388000
2.0486724000
2.0556051000
2.0625497000
2.0694895000
2.0764480000
2.0834065000
2.0903511000
2.0972863000
2.1042171000
2.1111586000
2.1180307000
2.1250135000
2.1319661000
2.1389178000
2.1458772000
2.1523104000
2.9889243000
2.9931097000
3.0000410000
3.0070250000
3.0139017000
3.0209148000
3.0278475000
3.0347984000
3.0417479000
3.0486798000
3.0556075000
3.0625473000
3.0694853000
3.0764337000
3.0833622000
3.0902983000
3.0973003000
3.1042342000
3.1111769000
3.1181314000
3.1250281000
3.1319804000
3.1389150000
3.1458538000
3.1519903000
3.9877613000
3.9931031000
4.0000422000
4.0069706000
4.0139063000
4.0208602000
4.0277891000
4.0347432000
4.0416908000
4.0486308000
4.0555691000
4.0625140000
4.0694529000
4.0764128000
4.0833584000
4.0903024000
4.0972333000
4.1042342000
4.1111680000
4.1181033000
4.1250387000
4.1319787000
4.1389249000
4.1458654000
4.1516415000
4.9864640000
4.9930689000
5.0000036000
5.0070228000
5.0139601000
5.0208506000
5.0277855000
5.0347955000
5.0417369000
5.0486702000
5.0556060000
5.0625569000
5.0695235000
5.0764436000
5.0833602000
5.0902780000
5.0972082000
5.1041867000
5.1111675000
5.1181262000
5.1251017000
5.1320043000
5.1389239000
5.1458306000
5.1512602000
5.9816477000
5.9862116000
5.9931376000
6.0000635000
6.0069765000
6.0139106000
6.0208240000
6.0277500000
6.0347625000
6.0417529000
6.0486946000
6.0556125000
6.0625259000
6.0694683000
6.0763884000
6.0833820000
6.0903566000
6.0972833000
6.1041928000
6.1111637000
6.1181469000
6.1250653000
6.1319713000
6.1388906000
6.1458758000
6.1509436000
6.9803036000
6.9861966000
6.9931354000
7.0000542000
7.0069713000
7.0138992000
7.0208154000
7.0278123000
7.0348225000
7.0417396000
7.0486458000
7.0555708000
7.0624951000
7.0694965000
7.0764736000
7.0833863000
7.0903046000
7.0972264000
7.1042040000
7.1111848000
7.1180999000
7.1250158000
7.1319963000
7.1389945000
7.1459030000
7.1506034000
7.9754914000
7.9792553000
7.9861956000
7.9931445000
8.0000818000
8.0070334000
8.0139808000
8.0209092000
8.0278438000
8.0347725000
8.0417066000
8.0486343000
8.0555691000
8.0625052000
8.0694351000
8.0763618000
8.0832999000
8.0903135000
8.0973151000
8.1042524000
8.1111843000
8.1181147000
8.1250468000
8.1319747000
8.1389234000
8.1458562000
8.1502079000
8.9741520000
8.9791935000
8.9861326000
8.9930701000
9.0000125000
9.0070098000
9.0139345000
9.0208685000
9.0278066000
9.0347560000
9.0417029000
9.0486437000
9.0555913000
9.0625323000
9.0694802000
9.0764084000
9.0834136000
9.0903494000
9.0973011000
9.1042452000
9.1111306000
9.1180761000
9.1250224000
9.1319589000
9.1389571000
9.1458868000
9.1499185000
9.9727735000
9.9792216000
9.9861707000
9.9931117000
10.0000660000
10.0069376000
10.0138976000
10.0208432000
10.0277884000
10.0347311000
10.0416676000
10.0486190000
10.0555606000
10.0625769000
10.0695102000
10.0764530000
10.0833991000
10.0903436000
10.0972872000
10.1042226000
10.1111769000
10.1181339000
10.1250697000
10.1319619000
10.1389007000
10.1458494000
10.1494980000
10.9680025000
10.9722757000
10.9791975000
10.9861257000
10.9930509000
11.0000434000
11.0070430000
11.0139744000
11.0209277000
11.0278760000
11.0348052000
11.0417300000
11.0486530000
11.0555740000
11.0624892000
11.0694818000
11.0764822000
11.0834001000
11.0903327000
11.0972594000
11.1041783000
11.1111126000
11.1180334000
11.1250297000
11.1320356000
11.1389480000
11.1457212000
11.9666295000
11.9722625000
11.9792206000
11.9861516000
11.9930871000
12.0000280000
12.0069757000
12.0139214000
12.0208553000
12.0278038000
12.0347409000
12.0416729000
12.0486806000
12.0556211000
12.0625538000
12.0694853000
12.0764198000
12.0833663000
12.0903111000
12.0972515000
12.1041944000
12.1111473000
12.1180782000
12.1250116000
12.1319505000
12.1389540000
12.1453710000
12.9653088000
12.9722486000
12.9791805000
12.9861101000
12.9930398000
13.0000371000
13.0070464000
13.0139748000
13.0208961000
13.0278184000
13.0347525000
13.0416714000
13.0485991000
13.0555366000
13.0624766000
13.0694751000
13.0764672000
13.0833873000
13.0903059000
13.0972289000
13.1041802000
13.1111311000
13.1180536000
13.1249990000
13.1319339000
13.1389272000
13.1450266000
13.9605056000
13.9653009000
13.9722412000
13.9791778000
13.9861015000
13.9930997000
14.0001029000
14.0070351000
14.0139630000
14.0209072000
14.0278677000
14.0348033000
14.0417305000
14.0486594000
14.0555827000
14.0625074000
14.0694326000
14.0763815000
14.0833237000
14.0902775000
14.0972168000
14.1041699000
14.1110998000
14.1180346000
14.1250400000
14.1320516000
14.1389872000
14.1446693000
15.9820961000
15.9861145000
15.9931264000
16.0000776000
16.0068677000
16.0139591000
16.0208927000
16.0278187000
16.0347591000
16.0416911000
16.0486232000
16.0556310000
16.0625754000
16.0695016000
16.0764310000
16.0833603000
16.0902955000
16.0972372000
16.1041874000
16.1111318000
16.1180807000
16.1250094000
16.1319484000
16.1388862000
16.1439899000
16.9530564000
16.9584203000
16.9653012000
16.9719697000
16.9808676000
16.9850844000
16.9954914000
17.0000304000
17.0069792000
17.0139229000
17.0208646000
17.0278002000
17.0347387000
17.0416739000
17.0486128000
17.0555746000
17.0625288000
17.0694693000
17.0764076000
17.0833587000
17.0903017000
17.0972425000
17.1041945000
17.1111461000
17.1180989000
17.1250504000
17.1320176000
17.1388936000
17.1435732000
18.9469116000
18.9514689000
18.9583602000
18.9653301000
18.9723146000
18.9792420000
18.9861367000
18.9930373000
19.0000383000
19.0069959000
19.0139528000
19.0209018000
19.0278443000
19.0348286000
19.0417740000
19.0487121000
19.0556307000
19.0625387000
19.0694632000
19.0764323000
19.0833789000
19.0902864000
19.0972210000
19.1041913000
19.1111791000
19.1181487000
19.1250418000
19.1319437000
19.1389140000
19.1429914000
19.9455413000
19.9514000000
19.9583543000
19.9652852000
19.9722528000
19.9792258000
19.9861582000
19.9930814000
20.0000815000
20.0070540000
20.0139191000
20.0208198000
20.0278275000
20.0347645000
20.0417048000
20.0486402000
20.0555556000
20.0625480000
20.0695154000
20.0764239000
20.0833188000
20.0902692000
20.0972400000
20.1041940000
20.1111355000
20.1180920000
20.1250278000
20.1319693000
20.1389448000
20.1426500000
20.9407547000
20.9444856000
20.9514054000
20.9583512000
20.9652933000
20.9722528000
20.9792263000
20.9861099000
20.9930821000
21.0000453000
21.0069563000
21.0138988000
21.0208613000
21.0278369000
21.0347240000
21.0416674000
21.0486767000
21.0556297000
21.0625414000
21.0694828000
21.0764475000
21.0833555000
21.0903188000
21.0972643000
21.1042161000
21.1111796000
21.1181325000
21.1250695000
21.1319440000
21.1387822000
21.9394098000
21.9444681000
21.9514088000
21.9583626000
21.9652940000
21.9722065000
21.9791792000
21.9862173000
21.9931063000
22.0000477000
22.0069920000
22.0139398000
22.0209321000
22.0278118000
22.0347591000
22.0416962000
22.0486475000
22.0555844000
22.0625313000
22.0694715000
22.0764077000
22.0833444000
22.0903111000
22.0972779000
22.1042209000
22.1111719000
22.1181228000
22.1250768000
22.1319486000
22.1384629000
22.9380571000
22.9444314000
22.9514369000
22.9583988000
22.9653317000
22.9722518000
22.9791613000
22.9861318000
22.9930861000
23.0000275000
23.0069802000
23.0139311000
23.0208851000
23.0278328000
23.0347831000
23.0416669000
23.0486306000
23.0555994000
23.0625644000
23.0695238000
23.0764160000
23.0833717000
23.0903160000
23.0972668000
23.1042140000
23.1111543000
23.1180987000
23.1250463000
23.1319964000
23.1381342000
23.9332466000
23.9375301000
23.9444649000
23.9513839000
23.9583481000
23.9653342000
23.9722552000
23.9792177000
23.9861828000
23.9930982000
24.0000739000
24.0069933000
24.0139160000
24.0208947000
24.0278398000
24.0347971000
24.0417772000
24.0487212000
24.0556187000
24.0625037000
24.0694708000
24.0764219000
24.0833878000
24.0903462000
24.0973020000
24.1042637000
24.1111451000
24.1180657000
24.1250259000
24.1319708000
24.1377925000
30.1006361000
30.1042397000
30.1111953000
30.1180755000
30.1250042000
30.1319597000
30.1358927000
30.9168932000
30.9236608000
30.9306317000
30.9375458000
30.9444422000
30.9513534000
30.9583132000
30.9652652000
30.9722651000
30.9792120000
30.9861027000
30.9930637000
31.0000192000
31.0069856000
31.0139209000
31.0208747000
31.0278430000
31.0347631000
31.0416970000
31.0486318000
31.0555861000
31.0625222000
31.0694661000
31.0764271000
31.0834006000
31.0903561000
31.0973200000
31.1042571000
31.1112111000
31.1180999000
31.1249872000
31.1319499000
31.1355782000
32.9107406000
32.9166630000
32.9236328000
32.9305940000
32.9375611000
32.9444949000
32.9514463000
32.9583976000
32.9653679000
32.9722605000
32.9791494000
32.9861466000
32.9931290000
33.0000783000
33.0069825000
33.0138788000
33.0208425000
33.0278263000
33.0347680000
33.0417324000
33.0486672000
33.0556028000
33.0625623000
33.0695169000
33.0764598000
33.0834311000
33.0903402000
33.0972517000
33.1041524000
33.1110988000
33.1180674000
33.1250325000
33.1314772000
33.9059879000
33.9097912000
33.9166918000
33.9236545000
33.9306482000
33.9375845000
33.9444865000
33.9513965000
33.9583575000
33.9653009000
33.9722427000
33.9792080000
33.9861227000
33.9930698000
34.0000148000
34.0069723000
34.0139187000
34.0208848000
34.0278428000
34.0347466000
34.0417002000
34.0486675000
34.0556206000
34.0625936000
34.0695393000
34.0764790000
34.0833686000
34.0902522000
34.0972171000
34.1041928000
34.1111707000
34.1180989000
34.1249867000
34.1312232000
34.9046246000
34.9097737000
34.9167334000
34.9236303000
34.9305563000
34.9375567000
34.9445085000
34.9514756000
34.9583817000
34.9653231000
34.9722826000
34.9791800000
34.9861121000
34.9930718000
35.0000434000
35.0070127000
35.0139913000
35.0208890000
35.0278007000
35.0347437000
35.0417295000
35.0486966000
35.0556356000
35.0625259000
35.0694179000
35.0763889000
35.0833691000
35.0903396000
35.0972964000
35.1042612000
35.1111909000
35.1180770000
35.1249655000
35.1308879000
35.9032516000
35.9096961000
35.9166507000
35.9236047000
35.9305551000
35.9375091000
35.9444942000
35.9513975000
35.9583220000
35.9653002000
35.9722646000
35.9792287000
35.9861953000
35.9931627000
36.0000549000
36.0069467000
36.0138983000
36.0208599000
36.0278728000
36.0348234000
36.0417627000
36.0486607000
36.0555706000
36.0625362000
36.0694856000
36.0764480000
36.0834269000
36.0903706000
36.0973133000
36.1041918000
36.1111495000
36.1181084000
36.1250025000
36.1306357000
36.8984563000
36.9028132000
36.9097813000
36.9167403000
36.9236602000
36.9306452000
36.9375569000
36.9444765000
36.9514234000
36.9583833000
36.9653460000
36.9722945000
36.9791876000
36.9861239000
36.9930891000
37.0000470000
37.0070075000
37.0139643000
37.0208849000
37.0278716000
37.0347789000
37.0416728000
37.0486205000
37.0556028000
37.0626010000
37.0695054000
37.0764079000
37.0834174000
37.0903135000
37.0972823000
37.1041840000
37.1111027000
37.1180652000
37.1250278000
37.1302932000
37.8970917000
37.9027652000
37.9097208000
37.9166746000
37.9236532000
37.9306112000
37.9375749000
37.9445432000
37.9514287000
37.9583427000
37.9653199000
37.9722774000
37.9792366000
37.9861865000
37.9931386000
38.0000332000
38.0069280000
38.0138919000
38.0208752000
38.0278546000
38.0347713000
38.0417115000
38.0486567000
38.0555830000
38.0625904000
38.0694935000
38.0763746000
38.0833277000
38.0902849000
38.0972845000
38.1042396000
38.1111889000
38.1180880000
38.1249727000
38.1300023000
38.8922680000
38.8958731000
38.9028487000
38.9097321000
38.9166411000
38.9236139000
38.9305605000
38.9375139000
38.9444619000
38.9514441000
38.9584087000
38.9653241000
38.9722592000
38.9792667000
38.9861627000
38.9930676000
39.0000475000
39.0070073000
39.0139788000
39.0208794000
39.0277972000
39.0347919000
39.0417039000
39.0486020000
39.0555829000
39.0625579000
39.0695028000
39.0764795000
39.0833744000
39.0902660000
39.0972254000
39.1041822000
39.1111486000
39.1181134000
39.1250731000
39.1298116000
39.8909752000
39.8959156000
39.9028642000
39.9098193000
39.9167278000
39.9236245000
39.9305541000
39.9374825000
39.9444526000
39.9513840000
39.9583809000
39.9653125000
39.9723119000
39.9792226000
39.9861564000
39.9931125000
40.0000714000
40.0070292000
40.0139684000
40.0209129000
40.0279230000
40.0347542000
40.0416583000
40.0486392000
40.0556019000
40.0625631000
40.0695220000
40.0764126000
40.0833013000
40.0902583000
40.0972200000
40.1041886000
40.1111434000
40.1181112000
40.1250677000
40.1295098000
40.8896133000
40.8958538000
40.9028161000
40.9098717000
40.9167154000
40.9236722000
40.9306590000
40.9375750000
40.9444656000
40.9514300000
40.9584067000
40.9653864000
40.9722771000
40.9792024000
40.9861806000
40.9931551000
41.0000576000
41.0069449000
41.0139662000
41.0208766000
41.0277404000
41.0346991000
41.0416571000
41.0486188000
41.0555708000
41.0625323000
41.0695186000
41.0764375000
41.0833375000
41.0903032000
41.0972461000
41.1042127000
41.1111330000
41.1180277000
41.1249877000
41.1291998000
41.8847860000
41.8889007000
41.8958072000
41.9028217000
41.9097406000
41.9167063000
41.9236779000
41.9306408000
41.9375626000
41.9444464000
41.9514142000
41.9583718000
41.9652564000
41.9722352000
41.9792004000
41.9861380000
41.9931053000
42.0000734000
42.0069965000
42.0138953000
42.0208690000
42.0278389000
42.0347446000
42.0416625000
42.0486331000
42.0556083000
42.0625543000
42.0695343000
42.0764204000
42.0833902000
42.0903785000
42.0972934000
42.1042201000
42.1111550000
42.1181062000
42.1250628000
42.1290273000
42.8834319000
42.8889386000
42.8959102000
42.9027938000
42.9097791000
42.9167531000
42.9236892000
42.9306297000
42.9375773000
42.9445267000
42.9514665000
42.9584294000
42.9653082000
42.9722107000
42.9791726000
42.9861232000
42.9930903000
43.0000333000
43.0069890000
43.0138884000
43.0208849000
43.0278290000
43.0347535000
43.0417062000
43.0486557000
43.0556033000
43.0625456000
43.0694947000
43.0764069000
43.0833895000
43.0903305000
43.0972052000
43.1041751000
43.1111183000
43.1181219000
43.1250510000
43.1286955000
43.8821237000
43.8889879000
43.8958623000
43.9027731000
43.9097109000
43.9166526000
43.9236147000
43.9306101000
43.9375458000
43.9444866000
43.9514401000
43.9583823000
43.9653443000
43.9722770000
43.9792607000
43.9861601000
43.9930915000
44.0000197000
44.0069442000
44.0139529000
44.0208791000
44.0278091000
44.0347475000
44.0417511000
44.0486823000
44.0556157000
44.0625550000
44.0694972000
44.0763761000
44.0833644000
44.0903039000
44.0972289000
44.1041980000
44.1111357000
44.1180231000
44.1250342000
44.8772449000
44.8819553000
44.8889579000
44.8959082000
44.9028032000
44.9097405000
44.9167418000
44.9236718000
44.9305558000
44.9375165000
44.9444826000
44.9514330000
44.9583609000
44.9653462000
44.9722700000
44.9792349000
44.9861932000
44.9930802000
45.0000828000
45.0070380000
45.0139684000
45.0208691000
45.0278625000
45.0347494000
45.0417195000
45.0486169000
45.0555835000
45.0625773000
45.0694944000
45.0764579000
45.0833841000
45.0903494000
45.0972491000
45.1042073000
45.1111739000
45.1180750000
45.1248225000
45.8758968000
45.8820070000
45.8889709000
45.8958459000
45.9027911000
45.9097250000
45.9166942000
45.9236612000
45.9305881000
45.9375429000
45.9445144000
45.9514660000
45.9584427000
45.9653397000
45.9722642000
45.9791808000
45.9860924000
45.9930804000
46.0000414000
46.0070247000
46.0139711000
46.0209417000
46.0278566000
46.0348119000
46.0417797000
46.0486690000
46.0555391000
46.0625069000
46.0694718000
46.0764042000
46.0833225000
46.0902470000
46.0972377000
46.1042329000
46.1111431000
46.1180432000
46.1245532000
46.8711145000
46.8750282000
46.8819922000
46.8889330000
46.8959190000
46.9028540000
46.9097326000
46.9166915000
46.9236394000
46.9305848000
46.9375123000
46.9444570000
46.9514081000
46.9583791000
46.9652677000
46.9722397000
46.9792282000
46.9861509000
46.9931272000
47.0000295000
47.0069394000
47.0138823000
47.0208329000
47.0278256000
47.0347474000
47.0416408000
47.0486628000
47.0555863000
47.0625574000
47.0695096000
47.0764212000
47.0834038000
47.0903465000
47.0972328000
47.1042282000
47.1111937000
47.1180362000
47.1242560000
47.8697912000
47.8750702000
47.8819903000
47.8889747000
47.8958880000
47.9028462000
47.9098065000
47.9166634000
47.9236621000
47.9306132000
47.9375372000
47.9445284000
47.9514639000
47.9583578000
47.9653169000
47.9723000000
47.9792236000
47.9861360000
47.9930573000
48.0000111000
48.0069607000
48.0139788000
48.0209051000
48.0278332000
48.0347401000
48.0417142000
48.0486464000
48.0555738000
48.0625408000
48.0694908000
48.0764033000
48.0834077000
48.0903460000
48.0972725000
48.1042132000
48.1111651000
48.1181102000
48.1241262000
48.8683720000
48.8750276000
48.8820161000
48.8889977000
48.8959332000
48.9028586000
48.9098195000
48.9167359000
48.9236683000
48.9305969000
48.9375062000
48.9444801000
48.9514165000
48.9583599000
48.9652864000
48.9722169000
48.9792279000
48.9862010000
48.9931445000
49.0000104000
49.0069164000
49.0138908000
49.0208970000
49.0278810000
49.0347828000
49.0417108000
49.0486343000
49.0555280000
49.0625374000
49.0694972000
49.0764554000
49.0833970000
49.0903864000
49.0972749000
49.1042144000
49.1111451000
49.1180763000
49.1238953000
49.8635617000
49.8680868000
49.8750483000
49.8819922000
49.8889431000
49.8958907000
49.9027790000
49.9097856000
49.9167223000
49.9236596000
49.9305706000
49.9375406000
49.9444304000
49.9514381000
49.9583746000
49.9652886000
49.9722769000
49.9791837000
49.9861162000
49.9931293000
50.0000735000
50.0069881000
50.0139317000
50.0208789000
50.0278130000
50.0347653000
50.0416844000
50.0486252000
50.0555695000
50.0625123000
50.0694635000
50.0764364000
50.0833769000
50.0903282000
50.0973094000
50.1041955000
50.1111487000
50.1180854000
50.1237164000
50.8622225000
50.8681082000
50.8750084000
50.8819994000
50.8889894000
50.8959333000
50.9027735000
50.9097528000
50.9167189000
50.9236422000
50.9305992000
50.9376052000
50.9445073000
50.9514460000
50.9583858000
50.9653405000
50.9723454000
50.9792049000
50.9861169000
50.9931281000
51.0000631000
51.0070117000
51.0139530000
51.0208956000
51.0278383000
51.0348387000
51.0417218000
51.0486637000
51.0556459000
51.0625315000
51.0694563000
51.0764668000
51.0834045000
51.0903347000
51.0972852000
51.1043090000
51.1111880000
51.1181186000
51.1234726000
51.8573876000
51.8610858000
51.8680566000
51.8750549000
51.8820105000
51.8889714000
51.8958794000
51.9027756000
51.9097217000
51.9167188000
51.9236646000
51.9305543000
51.9375036000
51.9444506000
51.9513924000
51.9583410000
51.9653440000
51.9722808000
51.9792479000
51.9861363000
51.9931024000
52.0000409000
52.0069472000
52.0139044000
52.0208451000
52.0278576000
52.0347599000
52.0416922000
52.0486843000
52.0555728000
52.0625022000
52.0695057000
52.0764409000
52.0833592000
52.0903416000
52.0973470000
52.1042248000
52.1094082000
53.8547048000
53.8611675000
53.8680938000
53.8750091000
53.8819794000
53.8888990000
53.8958326000
53.9028051000
53.9097730000
53.9166979000
53.9236257000
53.9305745000
53.9375365000
53.9444191000
53.9513795000
53.9584030000
53.9652891000
53.9721705000
53.9791913000
53.9861754000
53.9931208000
54.0000552000
54.0069666000
54.0138976000
54.0209090000
54.0278497000
54.0347873000
54.0417248000
54.0486766000
54.0556137000
54.0625434000
54.0694693000
54.0764656000
54.0833971000
54.0903205000
54.0972469000
54.1041729000
54.1111552000
54.1181132000
54.1229856000
56.8437264000
56.8472192000
56.8541534000
56.8610928000
56.8680974000
56.8750623000
56.8820114000
56.8889832000
56.8958479000
56.9027278000
56.9097210000
56.9167681000
56.9237264000
56.9305787000
56.9374948000
56.9444756000
56.9514510000
56.9584023000
56.9653534000
56.9722528000
56.9791787000
56.9861357000
56.9930287000
57.0000140000
57.0070204000
57.0139402000
57.0207944000
57.0278106000
57.0348178000
57.0417179000
57.0486497000
57.0555726000
57.0625772000
57.0694974000
57.0764037000
57.0833301000
57.0902244000
57.0972516000
57.1042561000
57.1111808000
57.1181134000
57.1224870000
57.8423564000
57.8472504000
57.8542071000
57.8611525000
57.8680883000
57.8749948000
57.8819208000
57.8888894000
57.8959016000
57.9028248000
57.9097424000
57.9166705000
57.9236776000
57.9306110000
57.9375953000
57.9445334000
57.9514702000
57.9583412000
57.9652720000
57.9722136000
57.9792115000
57.9861662000
57.9930415000
58.0000285000
58.0070228000
58.0139172000
58.0208828000
58.0278426000
58.0347850000
58.0416948000
58.0486229000
58.0555487000
58.0625022000
58.0695205000
58.0764554000
58.0833567000
58.0902625000
58.0972533000
58.1042027000
58.1079949000
58.8408566000
58.8472547000
58.8541277000
58.8611025000
58.8680654000
58.8750145000
58.8819678000
58.8889734000
58.8958949000
58.9027862000
58.9097338000
58.9167120000
58.9236444000
58.9306019000
58.9375557000
58.9445265000
58.9514756000
58.9583641000
58.9653012000
58.9723101000
58.9791815000
58.9861287000
58.9930763000
59.0000224000
59.0069617000
59.0138783000
59.0208082000
59.0278508000
59.0347887000
59.0417297000
59.0486237000
59.0555946000
59.0625660000
59.0694772000
59.0764183000
59.0833929000
59.0903150000
59.0972735000
59.1042827000
59.1112059000
59.1181051000
59.1222153000
65.8209233000
65.8263955000
65.8333198000
65.8402835000
65.8472747000
65.8542713000
65.8611642000
65.8680763000
65.8749937000
65.8819541000
65.8888919000
65.8958287000
65.9028246000
65.9097358000
65.9166925000
65.9236998000
65.9305850000
65.9375096000
65.9444851000
65.9514392000
65.9583764000
65.9653709000
65.9722819000
65.9791664000
65.9861530000
65.9931280000
66.0000415000
66.0069309000
66.0139463000
66.0208862000
66.0277963000
66.0347966000
66.0417220000
66.0486316000
66.0555994000
66.0625384000
66.0694845000
66.0764108000
66.0834107000
66.0903930000
66.0972489000
66.1041709000
66.1111545000
66.1180329000
67.8147292000
67.8194703000
67.8264406000
67.8334080000
67.8403211000
67.8472882000
67.8542814000
67.8611882000
67.8681457000
67.8750616000
67.8819920000
67.8889261000
67.8959067000
67.9028661000
67.9097584000
67.9167241000
67.9236235000
67.9305186000
67.9375405000
67.9444973000
67.9514020000
67.9583590000
67.9653050000
67.9722658000
67.9792647000
67.9861499000
67.9930546000
68.0000414000
68.0069963000
68.0138973000
68.0208846000
68.0277974000
68.0347736000
68.0417857000
68.0486779000
68.0556307000
68.0626226000
68.0695393000
68.0764320000
68.0833618000
68.0902227000
68.0972799000
68.1042617000
68.1111922000
68.1179083000
68.9340389000
68.9377091000
68.9445050000
68.9514509000
68.9583819000
68.9653438000
68.9722907000
68.9792467000
68.9861441000
68.9930135000
68.9999857000
69.0069843000
69.0139359000
69.0208814000
69.0278042000
69.0347301000
69.0416765000
69.0486062000
69.0555504000
69.0625069000
69.0695048000
69.0764446000
69.0833526000
69.0902633000
69.0972442000
69.1042351000
69.1111448000
69.1178278000
69.8085428000
69.8125282000
69.8194422000
69.8264300000
69.8333530000
69.8402588000
69.8472483000
69.8542477000
69.8612123000
69.8681467000
69.8750365000
69.8819972000
69.8889601000
69.8958988000
69.9028445000
69.9097706000
69.9167369000
69.9236534000
69.9305925000
69.9375627000
69.9445040000
69.9514126000
69.9582981000
69.9653041000
69.9723523000
69.9792605000
69.9861119000
69.9930307000
70.0000187000
70.0069536000
70.0139177000
70.0208681000
70.0278145000
70.0347331000
70.0416893000
70.0487178000
70.0556200000
70.0625254000
70.0695139000
70.0764675000
70.0834326000
70.0903138000
70.0972498000
70.1042539000
70.1111587000
70.1178083000
70.8061962000
70.8124985000
70.8194691000
70.8264322000
70.8334491000
70.8403349000
70.8472967000
70.8542658000
70.8611410000
70.8680817000
70.8750251000
70.8819657000
70.8889800000
70.8958580000
70.9027860000
70.9097996000
70.9167807000
70.9236806000
70.9306445000
70.9375941000
70.9444875000
70.9513773000
70.9583427000
70.9652886000
70.9722077000
70.9791819000
70.9861286000
70.9931452000
71.0000855000
71.0069860000
71.0139172000
71.0208336000
71.0278410000
71.0347966000
71.0416758000
71.0486037000
71.0555867000
71.0625403000
71.0694949000
71.0764157000
71.0833697000
71.0903153000
71.0972336000
71.1042280000
71.1112005000
71.1178286000
71.8013965000
71.8055989000
71.8125574000
71.8195471000
71.8264662000
71.8333776000
71.8402894000
71.8472338000
71.8542374000
71.8611976000
71.8681393000
71.8750589000
71.8819309000
71.8889052000
71.8936942000
71.9035474000
71.9097806000
71.9167878000
71.9237005000
71.9306115000
71.9375451000
71.9445156000
71.9515083000
71.9584099000
71.9653305000
71.9722141000
71.9792228000
71.9861801000
71.9931203000
72.0000788000
72.0070875000
72.0139556000
72.0208823000
72.0278397000
72.0346649000
72.0416944000
72.0486973000
72.0555905000
72.0625128000
72.0695055000
72.0764490000
72.0833617000
72.0903290000
72.0972956000
72.1041946000
72.1110877000
72.1177267000
72.8000386000
72.8055938000
72.8125202000
72.8194920000
72.8264239000
72.8333915000
72.8403019000
72.8472163000
72.8541728000
72.8611519000
72.8681511000
72.8750505000
72.8819869000
72.8889619000
72.8958718000
72.9028682000
72.9097885000
72.9167260000
72.9236880000
72.9305945000
72.9375539000
72.9445218000
72.9514613000
72.9584083000
72.9652500000
72.9722644000
72.9792603000
72.9861604000
72.9930977000
73.0000145000
73.0069712000
73.0139721000
73.0208732000
73.0277352000
73.0347601000
73.0417310000
73.0486574000
73.0555949000
73.0626128000
73.0695151000
73.0763931000
73.0833491000
73.0903320000
73.0972610000
73.1041844000
73.1111046000
73.1177316000
73.7950574000
73.7987210000
73.8056181000
73.8125746000
73.8195149000
73.8264633000
73.8333966000
73.8403236000
73.8472488000
73.8542598000
73.8611990000
73.8681487000
73.8750788000
73.8820257000
73.8889629000
73.8959333000
73.9028435000
73.9097900000
73.9167349000
73.9236338000
73.9305548000
73.9375325000
73.9445129000
73.9515138000
73.9584469000
73.9653423000
73.9722760000
73.9792415000
73.9861850000
73.9931149000
74.0000234000
74.0069277000
74.0138906000
74.0208384000
74.0278470000
74.0348380000
74.0416745000
74.0485946000
74.0556125000
74.0625840000
74.0695390000
74.0764433000
74.0834220000
74.0903188000
74.0972267000
74.1041741000
74.1111736000
74.1178043000
74.7937817000
74.7986099000
74.8055659000
74.8125305000
74.8195090000
74.8264234000
74.8332984000
74.8402976000
74.8472986000
74.8542046000
74.8611468000
74.8680772000
74.8750192000
74.8819427000
74.8888557000
74.8958223000
74.9028050000
74.9097365000
74.9166389000
74.9236403000
74.9305636000
74.9374963000
74.9444617000
74.9514159000
74.9583725000
74.9653000000
74.9722343000
74.9792057000
74.9862079000
74.9930938000
75.0000136000
75.0070225000
75.0139945000
75.0209063000
75.0277909000
75.0347045000
75.0416827000
75.0486434000
75.0556240000
75.0625634000
75.0694935000
75.0764963000
75.0833932000
75.0903054000
75.0972769000
75.1042236000
75.1110918000
75.1177760000
75.7924339000
75.7986015000
75.8055627000
75.8125195000
75.8195058000
75.8265073000
75.8334523000
75.8403256000
75.8472836000
75.8541699000
75.8611736000
75.8681053000
75.8750160000
75.8819422000
75.8889378000
75.8959225000
75.9028152000
75.9097663000
75.9167418000
75.9236542000
75.9305942000
75.9375517000
75.9444834000
75.9514660000
75.9584419000
75.9653692000
75.9723220000
75.9792563000
75.9861840000
75.9930886000
76.0000096000
76.0069782000
76.0139965000
76.0208849000
76.0278132000
76.0347831000
76.0417250000
76.0486993000
76.0556028000
76.0625207000
76.0694711000
76.0764396000
76.0834144000
76.0903143000
76.0972151000
76.1042295000
76.1111533000
76.1177980000
76.7879741000
76.7917339000
76.7986584000
76.8056164000
76.8125317000
76.8194514000
76.8264529000
76.8333693000
76.8402911000
76.8473180000
76.8542477000
76.8611796000
76.8681394000
76.8750305000
76.8819649000
76.8889337000
76.8958309000
76.9027970000
76.9098259000
76.9167173000
76.9236700000
76.9306079000
76.9375446000
76.9444949000
76.9514675000
76.9584011000
76.9653623000
76.9723092000
76.9792829000
76.9862010000
76.9931288000
77.0000416000
77.0070321000
77.0139768000
77.0208542000
77.0277771000
77.0347828000
77.0417662000
77.0486755000
77.0555452000
77.0625534000
77.0694843000
77.0764724000
77.0833789000
77.0902753000
77.0971641000
77.1041778000
77.1111126000
77.1178573000
77.7919797000
77.7986753000
77.8055686000
77.8125709000
77.8195008000
77.8263842000
77.8333634000
77.8402853000
77.8472526000
77.8542268000
77.8611518000
77.8680707000
77.8749722000
77.8819326000
77.8888707000
77.8958282000
77.9027682000
77.9097414000
77.9167142000
77.9236734000
77.9305883000
77.9375155000
77.9444518000
77.9514076000
77.9583777000
77.9653275000
77.9722988000
77.9792210000
77.9861394000
77.9931201000
78.0000574000
78.0070102000
78.0139561000
78.0208769000
78.0278120000
78.0347655000
78.0416934000
78.0486402000
78.0556211000
78.0625576000
78.0694964000
78.0764244000
78.0833156000
78.0902879000
78.0972757000
78.1042152000
78.1111641000
78.1178844000
78.7921506000
78.7986060000
78.8055782000
78.8125429000
78.8194877000
78.8264145000
78.8333742000
78.8402851000
78.8472242000
78.8542181000
78.8611267000
78.8680228000
78.8750637000
78.8820509000
78.8889369000
78.8958610000
78.9027458000
78.9097092000
78.9166952000
78.9236599000
78.9306469000
78.9375892000
78.9445167000
78.9513688000
78.9583129000
78.9652982000
78.9722474000
78.9792140000
78.9861355000
78.9930829000
79.0000828000
79.0070164000
79.0139263000
79.0208703000
79.0278366000
79.0347741000
79.0417361000
79.0486189000
79.0556074000
79.0625901000
79.0695205000
79.0764221000
79.0833331000
79.0903061000
79.0972606000
79.1042412000
79.1093936000
79.7923797000
79.7986237000
79.8056164000
79.8125840000
79.8195516000
79.8264212000
79.8333077000
79.8403125000
79.8473316000
79.8542282000
79.8611169000
79.8680122000
79.8750052000
79.8819410000
79.8888741000
79.8958736000
79.9028785000
79.9097639000
79.9166990000
79.9237328000
79.9306610000
79.9375591000
79.9444953000
79.9514514000
79.9583878000
79.9652667000
79.9722582000
79.9792342000
79.9862049000
79.9931073000
79.9999919000
80.0069963000
80.0139163000
80.0207989000
80.0278135000
80.0347383000
80.0416867000
80.0486623000
80.0555561000
80.0624978000
80.0694691000
80.0764468000
80.0834220000
80.0903856000
80.0973264000
80.1041949000
80.1111330000
80.1179527000
80.7927072000
80.7986635000
80.8055745000
80.8125298000
80.8194984000
80.8264158000
80.8333333000
80.8403191000
80.8472180000
80.8542067000
80.8611304000
80.8680734000
80.8750765000
80.8819371000
80.8889310000
80.8959070000
80.9028800000
80.9097940000
80.9166748000
80.9236490000
80.9305978000
80.9375367000
80.9445112000
80.9514840000
80.9584250000
80.9653411000
80.9723129000
80.9792706000
80.9861887000
80.9931134000
81.0000823000
81.0069661000
81.0139359000
81.0208880000
81.0277805000
81.0347476000
81.0416999000
81.0486067000
81.0555787000
81.0625219000
81.0695028000
81.0764817000
81.0833920000
81.0902926000
81.0972185000
81.1041824000
81.1110885000
81.1180923000
81.7992834000
81.8055742000
81.8124756000
81.8194432000
81.8264217000
81.8333745000
81.8402841000
81.8471850000
81.8541980000
81.8611791000
81.8680969000
81.8749697000
81.8819780000
81.8889236000
81.8958594000
81.9028446000
81.9098109000
81.9167418000
81.9236185000
81.9305127000
81.9375125000
81.9445228000
81.9514273000
81.9583599000
81.9653200000
81.9723180000
81.9791906000
81.9860803000
81.9931028000
82.0000448000
82.0069775000
82.0139249000
82.0208750000
82.0278566000
82.0347533000
82.0417113000
82.0486820000
82.0555735000
82.0625539000
82.0694480000
82.0763882000
82.0833801000
82.0903007000
82.0972311000
82.1041741000
82.1111789000
82.1181532000
82.1216662000
82.7931438000
82.7987074000
82.8056713000
82.8125647000
82.8194304000
82.8264576000
82.8334005000
82.8402982000
82.8472533000
82.8542418000
82.8612118000
82.8680986000
82.8750187000
82.8819755000
82.8889601000
82.8958557000
82.9027935000
82.9097690000
82.9167014000
82.9235940000
82.9306084000
82.9375881000
82.9445026000
82.9514090000
82.9583726000
82.9653472000
82.9722060000
82.9791982000
82.9861852000
82.9930960000
83.0000076000
83.0069472000
83.0139330000
83.0209523000
83.0278334000
83.0347622000
83.0417447000
83.0486948000
83.0556445000
83.0625881000
83.0694699000
83.0764091000
83.0833537000
83.0903135000
83.0973013000
83.1042067000
83.1111547000
83.1180646000
83.1216720000
83.7933859000
83.7986744000
83.8055843000
83.8125424000
83.8194792000
83.8263830000
83.8333558000
83.8403216000
83.8472538000
83.8542085000
83.8611653000
83.8680415000
83.8750265000
83.8820096000
83.8888433000
83.8958144000
83.9027859000
83.9097483000
83.9166824000
83.9236156000
83.9305822000
83.9375791000
83.9444860000
83.9514438000
83.9583336000
83.9653098000
83.9722859000
83.9791497000
83.9861173000
83.9930332000
83.9999884000
84.0069809000
84.0139100000
84.0208969000
84.0277992000
84.0347075000
84.0417065000
84.0486733000
84.0556334000
84.0625021000
84.0695038000
84.0764495000
84.0833710000
84.0903379000
84.0972338000
84.1041590000
84.1111412000
84.1181147000
84.1218051000
84.7936264000
84.7987143000
84.8056174000
84.8125202000
84.8194992000
84.8264783000
84.8334021000
84.8403302000
84.8472542000
84.8541630000
84.8610848000
84.8681016000
84.8750428000
84.8819789000
84.8889783000
84.8958856000
84.9027815000
84.9097637000
84.9167509000
84.9236550000
84.9305684000
84.9375121000
84.9444531000
84.9513719000
84.9583787000
84.9653709000
84.9722917000
84.9792465000
84.9862049000
84.9930865000
85.0000451000
85.0070393000
85.0139576000
85.0208762000
85.0278059000
85.0347437000
85.0416726000
85.0486192000
85.0555514000
85.0624852000
85.0694924000
85.0764817000
85.0834060000
85.0903509000
85.0972791000
85.1042181000
85.1111451000
85.1180772000
85.1219254000
85.7938145000
85.7986682000
85.8055973000
85.8125071000
85.8194484000
85.8264468000
85.8333557000
85.8402756000
85.8472708000
85.8541856000
85.8611159000
85.8681085000
85.8750594000
85.8819389000
85.8888867000
85.8958170000
85.9027638000
85.9097112000
85.9167497000
85.9237103000
85.9305903000
85.9375003000
85.9444475000
85.9513864000
85.9583391000
85.9653012000
85.9722645000
85.9791812000
85.9861454000
85.9931487000
86.0000393000
86.0069422000
86.0138695000
86.0208373000
86.0278721000
86.0348063000
86.0417157000
86.0486766000
86.0556157000
86.0625411000
86.0694614000
86.0763933000
86.0833673000
86.0903465000
86.0972483000
86.1042882000
86.1111756000
86.1181161000
86.1220845000
87.7941876000
87.7986867000
87.8055941000
87.8124973000
87.8194784000
87.8264091000
87.8333396000
87.8403002000
87.8472722000
87.8541810000
87.8610737000
87.8680191000
87.8750186000
87.8819747000
87.8888366000
87.8958439000
87.9028162000
87.9097238000
87.9166381000
87.9236202000
87.9305807000
87.9375466000
87.9445045000
87.9514276000
87.9583917000
87.9653344000
87.9722774000
87.9792571000
87.9862084000
87.9931610000
88.0000756000
88.0070432000
88.0139977000
88.0209190000
88.0278455000
88.0348018000
88.0417137000
88.0486281000
88.0555625000
88.0625005000
88.0694711000
88.0764141000
88.0833653000
88.0902930000
88.0949424000
88.7943687000
88.7986158000
88.8056228000
88.8125307000
88.8194284000
88.8263793000
88.8333543000
88.8403751000
88.8473020000
88.8541977000
88.8611222000
88.8680162000
88.8749567000
88.8819095000
88.8888493000
88.8958279000
88.9027869000
88.9096722000
88.9166401000
88.9235890000
88.9305758000
88.9375488000
88.9444590000
88.9514276000
88.9583774000
88.9653921000
88.9722784000
88.9791881000
88.9861557000
88.9931184000
89.0000350000
89.0069346000
89.0139130000
89.0209013000
89.0277899000
89.0347390000
89.0416970000
89.0486207000
89.0555644000
89.0624766000
89.0694575000
89.0764236000
89.0833608000
89.0903079000
89.0972241000
89.1041914000
89.1111387000
89.1180859000
89.1225005000
90.7946222000
90.7985747000
90.8055304000
90.8124485000
90.8194563000
90.8263982000
90.8333139000
90.8402928000
90.8472380000
90.8542241000
90.8611813000
90.8681157000
90.8750365000
90.8819560000
90.8888744000
90.8958055000
90.9028012000
90.9098367000
90.9167428000
90.9236740000
90.9305807000
90.9375419000
90.9445183000
90.9514239000
90.9583713000
90.9653743000
90.9723308000
90.9792716000
90.9861998000
90.9931080000
91.0000532000
91.0069674000
91.0139226000
91.0209439000
91.0278621000
91.0347631000
91.0417026000
91.0486424000
91.0555873000
91.0625498000
91.0694900000
91.0763771000
91.0833814000
91.0903457000
91.0973169000
91.1042114000
91.1111270000
91.1167995000
91.7948693000
91.7986866000
91.8056551000
91.8125997000
91.8195348000
91.8265039000
91.8334225000
91.8403167000
91.8472774000
91.8542359000
91.8611441000
91.8680039000
91.8749791000
91.8819169000
91.8888566000
91.8957976000
91.9027241000
91.9096661000
91.9166862000
91.9236860000
91.9306088000
91.9374978000
91.9445115000
91.9515140000
91.9584629000
91.9653321000
91.9723049000
91.9792721000
91.9861892000
91.9930942000
92.0000015000
92.0068942000
92.0139173000
92.0208580000
92.0278060000
92.0347487000
92.0416297000
92.0486408000
92.0555825000
92.0624567000
92.0694538000
92.0763836000
92.0832775000
92.0902848000
92.0972642000
92.1042626000
92.1112070000
92.1155098000
94.7988766000
94.8056070000
94.8125411000
94.8195063000
94.8263889000
94.8332976000
94.8402978000
94.8472877000
94.8542107000
94.8611338000
94.8681238000
94.8750399000
94.8819366000
94.8889029000
94.8958659000
94.9028497000
94.9098153000
94.9166929000
94.9236032000
94.9306083000
94.9375398000
94.9444729000
94.9514475000
94.9583821000
94.9652650000
94.9721668000
94.9791715000
94.9861439000
94.9930932000
95.0000273000
95.0069701000
95.0139275000
95.0208848000
95.0278145000
95.0347592000
95.0417127000
95.0486702000
95.0556119000
95.0625736000
95.0694910000
95.0764123000
95.0833828000
95.0902866000
95.0972356000
95.1042004000
95.1079046000
95.7989700000
95.8056469000
95.8125712000
95.8194954000
95.8264842000
95.8333966000
95.8403216000
95.8472418000
95.8542423000
95.8611159000
95.8680172000
95.8749559000
95.8819623000
95.8889058000
95.8957986000
95.9028265000
95.9098257000
95.9167072000
95.9236719000
95.9306308000
95.9375355000
95.9445203000
95.9514507000
95.9583535000
95.9652857000
95.9722661000
95.9792878000
95.9862091000
95.9931422000
96.0000525000
96.0070250000
96.0139795000
96.0208912000
96.0278059000
96.0347382000
96.0416539000
96.0485968000
96.0556009000
96.0625852000
96.0694373000
96.0763493000
96.0833575000
96.0903599000
96.0972478000
96.1030130000
96.7989819000
96.8055309000
96.8124917000
96.8194449000
96.8264465000
96.8334220000
96.8403561000
96.8472492000
96.8541785000
96.8611114000
96.8680984000
96.8750554000
96.8820402000
96.8890011000
96.8959358000
96.9028535000
96.9097956000
96.9167751000
96.9236718000
96.9306215000
96.9375436000
96.9444782000
96.9513502000
96.9583235000
96.9653002000
96.9722149000
96.9791911000
96.9854024000
97.7991540000
97.8056165000
97.8125217000
97.8194910000
97.8264458000
97.8333666000
97.8403184000
97.8473092000
97.8542729000
97.8611677000
97.8680601000
97.8750446000
97.8820272000
97.8889965000
97.8959279000
97.9028549000
97.9097560000
97.9167504000
97.9236372000
97.9305694000
97.9375505000
97.9445201000
97.9514325000
97.9583518000
97.9653487000
97.9722678000
97.9791997000
97.9860949000
97.9930847000
98.0000333000
98.0069688000
98.0139480000
98.0208708000
98.0277881000
98.0347304000
98.0416933000
98.0486700000
98.0556276000
98.0625119000
98.0694308000
98.0764134000
98.0833907000
98.0885906000
98.7992315000
98.8056432000
98.8125791000
98.8195201000
98.8264194000
98.8333437000
98.8403115000
98.8472247000
98.8541428000
98.8611013000
98.8680654000
98.8750286000
98.8819885000
98.8889411000
98.8958555000
98.9028150000
98.9097683000
98.9166812000
98.9236483000
98.9305575000
98.9374941000
98.9445001000
98.9514549000
98.9583537000
98.9652832000
98.9722555000
98.9792194000
98.9861436000
98.9930814000
99.0000304000
99.0069725000
99.0138921000
99.0208326000
99.0277645000
99.0347252000
99.0417002000
99.0486500000
99.0555923000
99.0625291000
99.0694622000
99.0764429000
99.0833531000
99.0902389000
99.0953881000
99.7993098000
99.8055344000
99.8124961000
99.8195073000
99.8265026000
99.8334023000
99.8403263000
99.8472333000
99.8541844000
99.8611768000
99.8681220000
99.8750496000
99.8819988000
99.8889214000
99.8958975000
99.9028309000
99.9097515000
99.9167052000
99.9236072000
99.9305845000
99.9375264000
99.9445081000
99.9514035000
99.9583100000
99.9653482000
99.9723209000
99.9792210000
99.9861978000
99.9931057000
100.0000283000
100.0069978000
100.0138653000
100.0208722000
100.0278756000
100.0347635000
100.0416780000
100.0486587000
100.0555466000
100.0624630000
100.0694298000
100.0764036000
100.0833930000
100.0903241000
100.0940447000
100.7994208000
100.8056642000
100.8125803000
100.8195058000
100.8264307000
100.8333503000
100.8403177000
100.8472547000
100.8541851000
100.8611266000
100.8681159000
100.8750503000
100.8819760000
100.8889788000
100.8959280000
100.9028512000
100.9098114000
100.9167122000
100.9236178000
100.9305885000
100.9375468000
100.9444935000
100.9514523000
100.9583979000
100.9653472000
100.9722851000
100.9791866000
100.9861412000
100.9931102000
101.0000837000
101.0069935000
101.0139098000
101.0208191000
101.0277970000
101.0347779000
101.0417151000
101.0486132000
101.0556014000
101.0625463000
101.0694939000
101.0764436000
101.0833602000
101.0891794000
101.7994816000
101.8056533000
101.8125808000
101.8194996000
101.8264209000
101.8333804000
101.8403108000
101.8472449000
101.8541940000
101.8611579000
101.8680689000
101.8750084000
101.8819969000
101.8889588000
101.8958925000
101.9027874000
101.9097483000
101.9167147000
101.9236631000
101.9305817000
101.9375461000
101.9445331000
101.9514005000
101.9583397000
101.9652492000
101.9722309000
101.9792323000
101.9861591000
101.9930958000
102.0000611000
102.0070036000
102.0139507000
102.0208991000
102.0278394000
102.0348045000
102.0417490000
102.0486623000
102.0555669000
102.0625456000
102.0694687000
102.0764077000
102.0834065000
102.0878516000
102.7995194000
102.8055728000
102.8124808000
102.8194659000
102.8264635000
102.8306115000
103.7995294000
103.8055932000
103.8126167000
103.8195043000
103.8264630000
103.8334146000
103.8403566000
103.8472336000
103.8541794000
103.8612025000
103.8681555000
103.8750700000
103.8819714000
103.8889075000
103.8959078000
103.9028548000
103.9097240000
103.9166322000
103.9235912000
103.9305696000
103.9375488000
103.9444826000
103.9514320000
103.9583348000
103.9652835000
103.9722710000
103.9791704000
103.9861242000
103.9930905000
104.0000415000
104.0069201000
104.0138709000
104.0208171000
104.0278032000
104.0348275000
104.0417364000
104.0486294000
104.0555738000
104.0625710000
104.0694955000
104.0764329000
104.0815967000
104.7996135000
104.8056074000
104.8125627000
104.8195252000
104.8263544000
104.8333311000
104.8402790000
104.8472272000
104.8550728000
104.8611721000
104.8681170000
104.8750044000
104.8819878000
104.8903270000
104.8956867000
104.9035552000
104.9098999000
104.9166465000
104.9229896000
104.9388602000
104.9444953000
104.9480956000
105.7996417000
105.8056386000
105.8125502000
105.8194836000
105.8263955000
105.8333521000
105.8403354000
105.8473343000
105.8542351000
105.8611845000
105.8681208000
105.8750756000
105.8819622000
105.8888973000
105.8958485000
105.9028135000
105.9097897000
105.9166775000
105.9236055000
105.9306163000
105.9375993000
105.9445324000
105.9514982000
105.9583838000
105.9653295000
105.9722557000
105.9791973000
105.9861051000
105.9930536000
106.0000148000
106.0069723000
106.0139349000
106.0208469000
106.0278314000
106.0347848000
106.0417049000
106.0486909000
106.0556150000
106.0625332000
106.0694852000
106.0752086000
106.7995913000
106.8055534000
106.8125069000
106.8194799000
106.8264611000
106.8333533000
106.8403211000
106.8472533000
106.8541581000
106.8611257000
106.8680622000
106.8749879000
106.8819683000
106.8889468000
106.8958618000
106.9027554000
106.9097890000
106.9167610000
106.9236838000
106.9306120000
106.9375608000
106.9445378000
106.9514719000
106.9583693000
106.9653043000
106.9722510000
106.9792192000
106.9861653000
106.9930945000
107.0000584000
107.0070107000
107.0139854000
107.0208686000
107.0278055000
107.0348038000
107.0417256000
107.0486436000
107.0556368000
107.0625548000
107.0694694000
107.0739498000
107.7996099000
107.8055149000
107.8124714000
107.8194385000
107.8264198000
107.8334206000
107.8403861000
107.8472821000
107.8542127000
107.8611281000
107.8681069000
107.8750759000
107.8819862000
107.8888847000
107.8958691000
107.9027706000
107.9097380000
107.9167506000
107.9236861000
107.9305536000
107.9374911000
107.9444565000
107.9514559000
107.9584370000
107.9653440000
107.9722853000
107.9792122000
107.9861399000
107.9931048000
108.0000389000
108.0069984000
108.0139689000
108.0208892000
108.0278591000
108.0347961000
108.0416834000
108.0486149000
108.0556331000
108.0625594000
108.0690911000
108.7996366000
108.8055933000
108.8124838000
108.8195319000
108.8264618000
108.8334318000
108.8403852000
108.8472675000
108.8541881000
108.8611998000
108.8680948000
108.8749847000
108.8819260000
108.8889177000
108.8958848000
108.9028290000
108.9097683000
108.9167817000
108.9237192000
108.9306190000
108.9375273000
108.9444666000
108.9514485000
108.9583412000
108.9653084000
108.9723392000
108.9792438000
108.9861562000
108.9930913000
108.9999973000
109.0069850000
109.0139591000
109.0208753000
109.0277945000
109.0347537000
109.0416898000
109.0486418000
109.0555844000
109.0625106000
109.0677421000
109.7995920000
109.8055802000
109.8125714000
109.8194918000
109.8264428000
109.8334247000
109.8403299000
109.8472597000
109.8541711000
109.8611591000
109.8681425000
109.8750043000
109.8818900000
109.8888645000
109.8958196000
109.9027864000
109.9097449000
109.9167033000
109.9236818000
109.9306553000
109.9376224000
109.9445540000
109.9514758000
109.9584018000
109.9653537000
109.9722542000
109.9791627000
109.9861207000
109.9931186000
110.0000358000
110.0069440000
110.0139206000
110.0208972000
110.0278415000
110.0347742000
110.0417022000
110.0486433000
110.0555865000
110.0625825000
110.0663913000
110.7995769000
110.8055691000
110.8124850000
110.8194223000
110.8264313000
110.8333393000
110.8403557000
110.8472922000
110.8541922000
110.8612020000
110.8681243000
110.8750654000
110.8819469000
110.8889288000
110.8958752000
110.9028120000
110.9097318000
110.9166982000
110.9236966000
110.9306203000
110.9376212000
110.9445101000
110.9513798000
110.9583572000
110.9653642000
110.9723008000
110.9792243000
110.9861495000
110.9931161000
111.0001530000
111.0069718000
111.0139648000
111.0208910000
111.0278329000
111.0347608000
111.0416846000
111.0486871000
111.0556258000
111.0614886000
111.9247848000
111.9305799000
111.9374584000
111.9444519000
111.9514591000
111.9583420000
111.9653000000
111.9722767000
111.9792310000
111.9861801000
111.9931336000
112.0000805000
112.0070127000
112.0139805000
112.0208717000
112.0277957000
112.0347284000
112.0416664000
112.0486816000
112.0556171000
112.0601004000
113.7994427000
113.8056368000
113.8125425000
113.8194284000
113.8263710000
113.8333719000
113.8403517000
113.8473156000
113.8542603000
113.8611887000
113.8681041000
113.8750281000
113.8819452000
113.8889128000
113.8958860000
113.9028359000
113.9098198000
113.9167280000
113.9236564000
113.9305945000
113.9375756000
113.9444905000
113.9514017000
113.9583464000
113.9652955000
113.9722163000
113.9791819000
113.9861414000
113.9930945000
114.0000030000
114.0069903000
114.0139599000
114.0208864000
114.0278020000
114.0347273000
114.0417263000
114.0486403000
114.0538580000
114.7993657000
114.8056180000
114.8125003000
114.8194179000
114.8263904000
114.8334033000
114.8403948000
114.8473281000
114.8542437000
114.8611515000
114.8680500000
114.8750143000
114.8819857000
114.8888911000
114.8958434000
114.9028263000
114.9097850000
114.9167037000
114.9236801000
114.9306024000
114.9375544000
114.9445560000
114.9514201000
114.9583257000
114.9653108000
114.9723215000
114.9792203000
114.9861003000
114.9930903000
115.0000732000
115.0070456000
115.0139108000
115.0208412000
115.0277866000
115.0347482000
115.0417565000
115.0486642000
115.0524717000
115.7992879000
115.8056450000
115.8125921000
115.8195003000
115.8264497000
115.8334385000
115.8403829000
115.8473279000
115.8541913000
115.8610737000
115.8680598000
115.8750569000
115.8820016000
115.8889148000
115.8958609000
115.9027933000
115.9097855000
115.9167649000
115.9236871000
115.9305952000
115.9375360000
115.9445033000
115.9514761000
115.9583837000
115.9652817000
115.9722055000
115.9791997000
115.9861939000
115.9930641000
116.0000196000
116.0069887000
116.0139146000
116.0208611000
116.0278410000
116.0347716000
116.0416888000
116.0475686000
116.7991190000
116.8055632000
116.8125808000
116.8195154000
116.8264409000
116.8333575000
116.8402642000
116.8472732000
116.8542072000
116.8611466000
116.8680878000
116.8749824000
116.8819339000
116.8888841000
116.8958151000
116.9027931000
116.9097949000
116.9166984000
116.9235828000
116.9305526000
116.9375180000
116.9445127000
116.9514817000
116.9584210000
116.9653403000
116.9722577000
116.9791822000
116.9861021000
116.9930068000
117.0000262000
117.0069774000
117.0139055000
117.0208465000
117.0277723000
117.0347713000
117.0417442000
117.0462355000
117.7990428000
117.8055972000
117.8125307000
117.8194693000
117.8264692000
117.8334272000
117.8403070000
117.8472513000
117.8541742000
117.8611202000
117.8680568000
117.8750106000
117.8820323000
117.8889173000
117.8958178000
117.9027731000
117.9097117000
117.9166637000
117.9236751000
117.9306117000
117.9375852000
117.9445486000
117.9514307000
117.9583560000
117.9653504000
117.9723114000
117.9791991000
117.9860917000
117.9930760000
118.0000561000
118.0069998000
118.0139386000
118.0208736000
118.0278074000
118.0347524000
118.0413757000
118.7989659000
118.8055583000
118.8125148000
118.8195122000
118.8264113000
118.8333617000
118.8403297000
118.8473069000
118.8542092000
118.8611104000
118.8680492000
118.8749968000
118.8819459000
118.8888254000
118.8958685000
118.9028667000
118.9098345000
118.9167366000
118.9236695000
118.9306250000
118.9375682000
118.9445210000
118.9514556000
118.9583823000
118.9653174000
118.9723005000
118.9792479000
118.9861562000
118.9930600000
119.0000126000
119.0070026000
119.0139229000
119.0208434000
119.0278447000
119.0347541000
119.0400034000
119.7988758000
119.8056201000
119.8125332000
119.8194420000
119.8264007000
119.8334144000
119.8403623000
119.8472395000
119.8541600000
119.8611133000
119.8681337000
119.8750385000
119.8819144000
119.8888899000
119.8958562000
119.9027665000
119.9097750000
119.9167607000
119.9237153000
119.9306208000
119.9375699000
119.9445040000
119.9514268000
119.9583890000
119.9653494000
119.9723023000
119.9791773000
119.9860623000
119.9930802000
120.0000404000
120.0069789000
120.0139041000
120.0208223000
120.0278264000
120.0348282000
120.0386870000
120.7951268000
120.7987943000
120.8056089000
120.8125190000
120.8194974000
120.8264229000
120.8333429000
120.8402576000
120.8472642000
120.8542181000
120.8611488000
120.8681144000
120.8750519000
120.8819575000
120.8889056000
120.8958964000
120.9028224000
120.9097562000
120.9166743000
120.9236392000
120.9305691000
120.9375035000
120.9444718000
120.9514123000
120.9583599000
120.9653221000
120.9722794000
120.9791735000
120.9861245000
120.9930893000
121.0000282000
121.0070225000
121.0139612000
121.0208927000
121.0278254000
121.0337537000
121.7949416000
121.7987340000
121.8056656000
121.8125808000
121.8194851000
121.8264197000
121.8333087000
121.8402694000
121.8472748000
121.8542521000
121.8612037000
121.8681134000
121.8750139000
121.8819250000
121.8889180000
121.8958496000
121.9028615000
121.9098087000
121.9167346000
121.9236766000
121.9305903000
121.9375559000
121.9444427000
121.9514055000
121.9583708000
121.9652852000
121.9722382000
121.9791659000
121.9861806000
121.9931171000
122.0000224000
122.0069514000
122.0139000000
122.0208993000
122.0278190000
122.0323699000
122.7948635000
122.7986909000
122.8055732000
122.8125916000
122.8195099000
122.8264325000
122.8334538000
122.8403876000
122.8473338000
122.8543117000
122.8612015000
122.8681302000
122.8750385000
122.8819110000
122.8888872000
122.8958466000
122.9028485000
122.9098193000
122.9167042000
122.9236203000
122.9306551000
122.9375379000
122.9444457000
122.9514088000
122.9583575000
122.9653088000
122.9722828000
122.9791860000
122.9861476000
122.9931106000
123.0000831000
123.0070283000
123.0139249000
123.0208781000
123.0274964000
123.7947121000
123.7986157000
123.8055777000
123.8124737000
123.8194712000
123.8264795000
123.8334358000
123.8403447000
123.8471855000
123.8541775000
123.8611631000
123.8681016000
123.8750209000
123.8819804000
123.8888946000
123.8959054000
123.9028866000
123.9097922000
123.9167024000
123.9236165000
123.9305822000
123.9375012000
123.9444373000
123.9514155000
123.9583626000
123.9653199000
123.9722177000
123.9791838000
123.9861405000
123.9930729000
124.0000165000
124.0069508000
124.0139611000
124.0208863000
124.0261179000
124.7945351000
124.7986023000
124.8055312000
124.8125420000
124.8195442000
124.8264968000
124.8334158000
124.8403908000
124.8473483000
124.8542344000
124.8611422000
124.8681179000
124.8750488000
124.8819772000
124.8889879000
124.8958513000
124.9027931000
124.9097909000
124.9167314000
124.9236057000
124.9305701000
124.9375436000
124.9444847000
124.9513608000
124.9583213000
124.9652827000
124.9722361000
124.9791842000
124.9861323000
124.9930811000
125.0000272000
125.0069874000
125.0139392000
125.0208853000
125.0247032000
125.7943606000
125.7986303000
125.8055962000
125.8125712000
125.8195080000
125.8264436000
125.8334038000
125.8403077000
125.8472087000
125.8541893000
125.8611262000
125.8680469000
125.8750163000
125.8820087000
125.8889778000
125.8958907000
125.9028115000
125.9097331000
125.9167103000
125.9236979000
125.9306410000
125.9375212000
125.9444413000
125.9514224000
125.9583895000
125.9652768000
125.9722233000
125.9792590000
125.9861837000
125.9931157000
126.0000481000
126.0069784000
126.0139213000
126.0198413000
126.7941795000
126.7986255000
126.8054874000
126.8125072000
126.8194952000
126.8264527000
126.8334114000
126.8403694000
126.8472446000
126.8541891000
126.8611446000
126.8680698000
126.8750884000
126.8820082000
126.8889495000
126.8958686000
126.9028586000
126.9098040000
126.9167056000
126.9236397000
126.9305386000
126.9375403000
126.9445260000
126.9514332000
126.9583952000
126.9653415000
126.9722907000
126.9792500000
126.9861754000
126.9931024000
127.0000432000
127.0069855000
127.0139154000
127.0184648000
127.7940439000
127.7986901000
127.8055767000
127.8125355000
127.8194797000
127.8264074000
127.8334277000
127.8403364000
127.8472732000
127.8542603000
127.8611816000
127.8680583000
127.8750052000
127.8819505000
127.8888746000
127.8958607000
127.9028625000
127.9097804000
127.9167002000
127.9236407000
127.9305733000
127.9375249000
127.9444767000
127.9514310000
127.9583688000
127.9652763000
127.9722454000
127.9791888000
127.9861149000
127.9931134000
128.0000587000
128.0069880000
128.0135957000
128.7938788000
128.7986617000
128.8055711000
128.8125280000
128.8194346000
128.8264470000
128.8333802000
128.8403334000
128.8472665000
128.8542290000
128.8611951000
128.8681371000
128.8750345000
128.8819481000
128.8888839000
128.8958242000
128.9027831000
128.9097358000
128.9167662000
128.9237123000
128.9305718000
128.9375369000
128.9444750000
128.9513975000
128.9583594000
128.9653213000
128.9722768000
128.9792228000
128.9861630000
128.9930844000
129.0000020000
129.0070210000
129.0122625000
129.7935814000
129.7986719000
129.8056346000
129.8125554000
129.8194965000
129.8264487000
129.8333693000
129.8402947000
129.8472626000
129.8541853000
129.8610995000
129.8681304000
129.8750564000
129.8819669000
129.8889332000
129.8959043000
129.9027967000
129.9097116000
129.9166812000
129.9236298000
129.9305918000
129.9375436000
129.9445132000
129.9514002000
129.9583057000
129.9653291000
129.9722899000
129.9792218000
129.9861410000
129.9930812000
130.0000898000
130.0070005000
130.0107912000
130.7933574000
130.7986335000
130.8055920000
130.8125264000
130.8194706000
130.8264613000
130.8334195000
130.8403792000
130.8472356000
130.8541571000
130.8611520000
130.8681282000
130.8750546000
130.8819484000
130.8889359000
130.8958248000
130.9028190000
130.9098191000
130.9167627000
130.9236904000
130.9305900000
130.9374872000
130.9444708000
130.9514060000
130.9582616000
130.9653025000
130.9723043000
130.9792351000
130.9861657000
130.9931155000
131.0000315000
131.0059613000
131.7931442000
131.7986313000
131.8055563000
131.8124776000
131.8194203000
131.8264246000
131.8334048000
131.8402836000
131.8472427000
131.8541702000
131.8611466000
131.8681524000
131.8750116000
131.8819477000
131.8889150000
131.8959544000
131.9028955000
131.9098106000
131.9167228000
131.9236311000
131.9306190000
131.9375456000
