# time
0.0000000000
0.0329926346
0.0659852691
0.0989779037
0.1319705382
0.1649631728
0.1979558074
0.2309484419
0.2639410765
0.2969337110
0.3299263456
0.3629189801
0.3959116147
0.4289042493
0.4618968838
0.4948895184
0.5278821529
0.5608747875
0.5938674221
0.6268600566
0.6598526912
0.6928453257
0.7258379603
0.7588305948
0.7918232294
0.8248158640
0.8578084985
0.8908011331
0.9237937676
0.9567864022
0.9897790368
1.0227716713
1.0557643059
1.0887569404
1.1217495750
1.1547422096
1.1877348441
1.2207274787
1.2537201132
1.2867127478
1.3197053823
1.3526980169
1.3856906515
1.4186832860
1.4516759206
1.4846685551
1.5176611897
1.5506538243
1.5836464588
1.6166390934
1.6496317279
1.6826243625
1.7156169970
1.7486096316
1.7816022662
1.8145949007
1.8475875353
1.8805801698
1.9135728044
1.9465654390
1.9795580735
2.0125507081
2.0455433426
2.0785359772
2.1115286118
2.1445212463
2.1775138809
2.2105065154
2.2434991500
2.2764917845
2.3094844191
2.3424770537
2.3754696882
2.4084623228
2.4414549573
2.4744475919
2.5074402265
2.5404328610
2.5734254956
2.6064181301
2.6394107647
2.6724033992
2.7053960338
2.7383886684
2.7713813029
2.8043739375
2.8373665720
2.8703592066
2.9033518412
2.9363444757
2.9693371103
3.0023297448
3.0353223794
3.0683150140
3.1013076485
3.1343002831
3.1672929176
3.2002855522
3.2332781867
3.2662708213
3.2992634559
3.3322560904
3.3652487250
3.3982413595
3.4312339941
3.4642266287
3.4972192632
3.5302118978
3.5632045323
3.5961971669
3.6291898015
3.6621824360
3.6951750706
3.7281677051
3.7611603397
3.7941529742
3.8271456088
3.8601382434
3.8931308779
3.9261235125
3.9591161470
3.9921087816
4.0251014162
4.0580940507
4.0910866853
4.1240793198
4.1570719544
4.1900645889
4.2230572235
4.2560498581
4.2890424926
4.3220351272
4.3550277617
4.3880203963
4.4210130309
4.4540056654
4.4869983000
4.5199909345
4.5529835691
4.5859762037
4.6189688382
4.6519614728
4.6849541073
4.7179467419
4.7509393764
4.7839320110
4.8169246456
4.8499172801
4.8829099147
4.9159025492
4.9488951838
4.9818878184
5.0148804529
5.0478730875
5.0808657220
5.1138583566
5.1468509911
5.1798436257
5.2128362603
5.2458288948
5.2788215294
5.3118141639
5.3448067985
5.3777994331
5.4107920676
5.4437847022
5.4767773367
5.5097699713
5.5427626059
5.5757552404
5.6087478750
5.6417405095
5.6747331441
5.7077257786
5.7407184132
5.7737110478
5.8067036823
5.8396963169
5.8726889514
5.9056815860
5.9386742206
5.9716668551
6.0046594897
6.0376521242
6.0706447588
6.1036373933
6.1366300279
6.1696226625
6.2026152970
6.2356079316
6.2686005661
6.3015932007
6.3345858353
6.3675784698
6.4005711044
6.4335637389
6.4665563735
6.4995490081
6.5325416426
6.5655342772
6.5985269117
6.6315195463
6.6645121808
6.6975048154
6.7304974500
6.7634900845
6.7964827191
6.8294753536
6.8624679882
6.8954606228
6.9284532573
6.9614458919
6.9944385264
7.0274311610
7.0604237955
7.0934164301
7.1264090647
7.1594016992
7.1923943338
7.2253869683
7.2583796029
7.2913722375
7.3243648720
7.3573575066
7.3903501411
7.4233427757
7.4563354103
7.4893280448
7.5223206794
7.5553133139
7.5883059485
7.6212985830
7.6542912176
7.6872838522
7.7202764867
7.7532691213
7.7862617558
7.8192543904
7.8522470250
7.8852396595
7.9182322941
7.9512249286
7.9842175632
8.0172101977
8.0502028323
8.0831954669
8.1161881014
8.1491807360
8.1821733705
8.2151660051
8.2481586397
8.2811512742
8.3141439088
8.3471365433
8.3801291779
8.4131218125
8.4461144470
8.4791070816
8.5120997161
8.5450923507
8.5780849852
8.6110776198
8.6440702544
8.6770628889
8.7100555235
8.7430481580
8.7760407926
8.8090334272
8.8420260617
8.8750186963
8.9080113308
8.9410039654
8.9739965999
9.0069892345
9.0399818691
9.0729745036
9.1059671382
9.1389597727
9.1719524073
9.2049450419
9.2379376764
9.2709303110
9.3039229455
9.3369155801
9.3699082147
9.4029008492
9.4358934838
9.4688861183
9.5018787529
9.5348713874
9.5678640220
9.6008566566
9.6338492911
9.6668419257
9.6998345602
9.7328271948
9.7658198294
9.7988124639
9.8318050985
9.8647977330
9.8977903676
9.9307830022
9.9637756367
9.9967682713
10.0297609058
10.0627535404
10.0957461749
10.1287388095
10.1617314441
10.1947240786
10.2277167132
10.2607093477
10.2937019823
10.3266946169
10.3596872514
10.3926798860
10.4256725205
10.4586651551
10.4916577896
10.5246504242
10.5576430588
10.5906356933
10.6236283279
10.6566209624
10.6896135970
10.7226062316
10.7555988661
10.7885915007
10.8215841352
10.8545767698
10.8875694044
10.9205620389
10.9535546735
10.9865473080
11.0195399426
11.0525325771
11.0855252117
11.1185178463
11.1515104808
11.1845031154
11.2174957499
11.2504883845
11.2834810191
11.3164736536
11.3494662882
11.3824589227
11.4154515573
11.4484441918
11.4814368264
11.5144294610
11.5474220955
11.5804147301
11.6134073646
11.6463999992
11.6793926338
11.7123852683
11.7453779029
11.7783705374
11.8113631720
11.8443558066
11.8773484411
11.9103410757
11.9433337102
11.9763263448
12.0093189793
12.0423116139
12.0753042485
12.1082968830
12.1412895176
12.1742821521
12.2072747867
12.2402674213
12.2732600558
12.3062526904
12.3392453249
12.3722379595
12.4052305940
12.4382232286
12.4712158632
12.5042084977
12.5372011323
12.5701937668
12.6031864014
12.6361790360
12.6691716705
12.7021643051
12.7351569396
12.7681495742
12.8011422088
12.8341348433
12.8671274779
12.9001201124
12.9331127470
12.9661053815
12.9990980161
13.0320906507
13.0650832852
13.0980759198
13.1310685543
13.1640611889
13.1970538235
13.2300464580
13.2630390926
13.2960317271
13.3290243617
13.3620169962
13.3950096308
13.4280022654
13.4609948999
13.4939875345
13.5269801690
13.5599728036
13.5929654382
13.6259580727
13.6589507073
13.6919433418
13.7249359764
13.7579286110
13.7909212455
13.8239138801
13.8569065146
13.8898991492
13.9228917837
13.9558844183
13.9888770529
14.0218696874
14.0548623220
14.0878549565
14.1208475911
14.1538402257
14.1868328602
14.2198254948
14.2528181293
14.2858107639
14.3188033984
14.3517960330
14.3847886676
14.4177813021
14.4507739367
14.4837665712
14.5167592058
14.5497518404
14.5827444749
14.6157371095
14.6487297440
14.6817223786
14.7147150132
14.7477076477
14.7807002823
14.8136929168
14.8466855514
14.8796781859
14.9126708205
14.9456634551
14.9786560896
15.0116487242
15.0446413587
15.0776339933
15.1106266279
15.1436192624
15.1766118970
15.2096045315
15.2425971661
15.2755898007
15.3085824352
15.3415750698
15.3745677043
15.4075603389
15.4405529734
15.4735456080
15.5065382426
15.5395308771
15.5725235117
15.6055161462
15.6385087808
15.6715014154
15.7044940499
15.7374866845
15.7704793190
15.8034719536
15.8364645881
15.8694572227
15.9024498573
15.9354424918
15.9684351264
16.0014277609
16.0344203955
16.0674130301
16.1004056646
16.1333982992
16.1663909337
16.1993835683
16.2323762029
16.2653688374
16.2983614720
16.3313541065
16.3643467411
16.3973393756
16.4303320102
16.4633246448
16.4963172793
16.5293099139
16.5623025484
16.5952951830
16.6282878176
16.6612804521
16.6942730867
16.7272657212
16.7602583558
16.7932509903
16.8262436249
16.8592362595
16.8922288940
16.9252215286
16.9582141631
16.9912067977
17.0241994323
17.0571920668
17.0901847014
17.1231773359
17.1561699705
17.1891626051
17.2221552396
17.2551478742
17.2881405087
17.3211331433
17.3541257778
17.3871184124
17.4201110470
17.4531036815
17.4860963161
17.5190889506
17.5520815852
17.5850742198
17.6180668543
17.6510594889
17.6840521234
17.7170447580
17.7500373925
17.7830300271
17.8160226617
17.8490152962
17.8820079308
17.9150005653
17.9479931999
17.9809858345
18.0139784690
18.0469711036
18.0799637381
18.1129563727
18.1459490073
18.1789416418
18.2119342764
18.2449269109
18.2779195455
18.3109121800
18.3439048146
18.3768974492
18.4098900837
18.4428827183
18.4758753528
18.5088679874
18.5418606220
18.5748532565
18.6078458911
18.6408385256
18.6738311602
18.7068237947
18.7398164293
18.7728090639
18.8058016984
18.8387943330
18.8717869675
18.9047796021
18.9377722367
18.9707648712
19.0037575058
19.0367501403
19.0697427749
19.1027354095
19.1357280440
19.1687206786
19.2017133131
19.2347059477
19.2676985822
19.3006912168
19.3336838514
19.3666764859
19.3996691205
19.4326617550
19.4656543896
19.4986470242
19.5316396587
19.5646322933
19.5976249278
19.6306175624
19.6636101969
19.6966028315
19.7295954661
19.7625881006
19.7955807352
19.8285733697
19.8615660043
19.8945586389
19.9275512734
19.9605439080
19.9935365425
20.0265291771
20.0595218117
20.0925144462
20.1255070808
20.1584997153
20.1914923499
20.2244849844
20.2574776190
20.2904702536
20.3234628881
20.3564555227
20.3894481572
20.4224407918
20.4554334264
20.4884260609
20.5214186955
20.5544113300
20.5874039646
20.6203965991
20.6533892337
20.6863818683
20.7193745028
20.7523671374
20.7853597719
20.8183524065
20.8513450411
20.8843376756
20.9173303102
20.9503229447
20.9833155793
21.0163082139
21.0493008484
21.0822934830
21.1152861175
21.1482787521
21.1812713866
21.2142640212
21.2472566558
21.2802492903
21.3132419249
21.3462345594
21.3792271940
21.4122198286
21.4452124631
21.4782050977
21.5111977322
21.5441903668
21.5771830014
21.6101756359
21.6431682705
21.6761609050
21.7091535396
21.7421461741
21.7751388087
21.8081314433
21.8411240778
21.8741167124
21.9071093469
21.9401019815
21.9730946161
22.0060872506
22.0390798852
22.0720725197
22.1050651543
22.1380577888
22.1710504234
22.2040430580
22.2370356925
22.2700283271
22.3030209616
22.3360135962
22.3690062308
22.4019988653
22.4349914999
22.4679841344
22.5009767690
22.5339694036
22.5669620381
22.5999546727
22.6329473072
22.6659399418
22.6989325763
22.7319252109
22.7649178455
22.7979104800
22.8309031146
22.8638957491
22.8968883837
22.9298810183
22.9628736528
22.9958662874
23.0288589219
23.0618515565
23.0948441910
23.1278368256
23.1608294602
23.1938220947
23.2268147293
23.2598073638
23.2927999984
23.3257926330
23.3587852675
23.3917779021
23.4247705366
23.4577631712
23.4907558058
23.5237484403
23.5567410749
23.5897337094
23.6227263440
23.6557189785
23.6887116131
23.7217042477
23.7546968822
23.7876895168
23.8206821513
23.8536747859
23.8866674205
23.9196600550
23.9526526896
23.9856453241
24.0186379587
24.0516305932
24.0846232278
24.1176158624
24.1506084969
24.1836011315
24.2165937660
24.2495864006
24.2825790352
24.3155716697
24.3485643043
24.3815569388
24.4145495734
24.4475422080
24.4805348425
24.5135274771
24.5465201116
24.5795127462
24.6125053807
24.6454980153
24.6784906499
24.7114832844
24.7444759190
24.7774685535
24.8104611881
24.8434538227
24.8764464572
24.9094390918
24.9424317263
24.9754243609
25.0084169954
25.0414096300
25.0744022646
25.1073948991
25.1403875337
25.1733801682
25.2063728028
25.2393654374
25.2723580719
25.3053507065
25.3383433410
25.3713359756
25.4043286102
25.4373212447
25.4703138793
25.5033065138
25.5362991484
25.5692917829
25.6022844175
25.6352770521
25.6682696866
25.7012623212
25.7342549557
25.7672475903
25.8002402249
25.8332328594
25.8662254940
25.8992181285
25.9322107631
25.9652033976
25.9981960322
26.0311886668
26.0641813013
26.0971739359
26.1301665704
26.1631592050
26.1961518396
26.2291444741
26.2621371087
26.2951297432
26.3281223778
26.3611150124
26.3941076469
26.4271002815
26.4600929160
26.4930855506
26.5260781851
26.5590708197
26.5920634543
26.6250560888
26.6580487234
26.6910413579
26.7240339925
26.7570266271
26.7900192616
26.8230118962
26.8560045307
26.8889971653
26.9219897998
26.9549824344
26.9879750690
27.0209677035
27.0539603381
27.0869529726
27.1199456072
27.1529382418
27.1859308763
27.2189235109
27.2519161454
27.2849087800
27.3179014146
27.3508940491
27.3838866837
27.4168793182
27.4498719528
27.4828645873
27.5158572219
27.5488498565
27.5818424910
27.6148351256
27.6478277601
27.6808203947
27.7138130293
27.7468056638
27.7797982984
27.8127909329
27.8457835675
27.8787762021
27.9117688366
27.9447614712
27.9777541057
28.0107467403
28.0437393748
28.0767320094
28.1097246440
28.1427172785
28.1757099131
28.2087025476
28.2416951822
28.2746878168
28.3076804513
28.3406730859
28.3736657204
28.4066583550
28.4396509895
28.4726436241
28.5056362587
28.5386288932
28.5716215278
28.6046141623
28.6376067969
28.6705994315
28.7035920660
28.7365847006
28.7695773351
28.8025699697
28.8355626043
28.8685552388
28.9015478734
28.9345405079
28.9675331425
29.0005257770
29.0335184116
29.0665110462
29.0995036807
29.1324963153
29.1654889498
29.1984815844
29.2314742190
29.2644668535
29.2974594881
29.3304521226
29.3634447572
29.3964373917
29.4294300263
29.4624226609
29.4954152954
29.5284079300
29.5614005645
29.5943931991
29.6273858337
29.6603784682
29.6933711028
29.7263637373
29.7593563719
29.7923490065
29.8253416410
29.8583342756
29.8913269101
29.9243195447
29.9573121792
29.9903048138
30.0232974484
30.0562900829
30.0892827175
30.1222753520
30.1552679866
30.1882606212
30.2212532557
30.2542458903
30.2872385248
30.3202311594
30.3532237939
30.3862164285
30.4192090631
30.4522016976
30.4851943322
30.5181869667
30.5511796013
30.5841722359
30.6171648704
30.6501575050
30.6831501395
30.7161427741
30.7491354087
30.7821280432
30.8151206778
30.8481133123
30.8811059469
30.9140985814
30.9470912160
30.9800838506
31.0130764851
31.0460691197
31.0790617542
31.1120543888
31.1450470234
31.1780396579
31.2110322925
31.2440249270
31.2770175616
31.3100101961
31.3430028307
31.3759954653
31.4089880998
31.4419807344
31.4749733689
31.5079660035
31.5409586381
31.5739512726
31.6069439072
31.6399365417
31.6729291763
31.7059218109
31.7389144454
31.7719070800
31.8048997145
31.8378923491
31.8708849836
31.9038776182
31.9368702528
31.9698628873
32.0028555219
32.0358481564
32.0688407910
32.1018334256
32.1348260601
32.1678186947
32.2008113292
32.2338039638
32.2667965983
32.2997892329
32.3327818675
32.3657745020
32.3987671366
32.4317597711
32.4647524057
32.4977450403
32.5307376748
32.5637303094
32.5967229439
32.6297155785
32.6627082131
32.6957008476
32.7286934822
32.7616861167
32.7946787513
32.8276713858
32.8606640204
32.8936566550
32.9266492895
32.9596419241
32.9926345586
33.0256271932
33.0586198278
33.0916124623
33.1246050969
33.1575977314
33.1905903660
33.2235830006
33.2565756351
33.2895682697
33.3225609042
33.3555535388
33.3885461733
33.4215388079
33.4545314425
33.4875240770
33.5205167116
33.5535093461
33.5865019807
33.6194946153
33.6524872498
33.6854798844
33.7184725189
33.7514651535
33.7844577880
33.8174504226
33.8504430572
33.8834356917
33.9164283263
33.9494209608
33.9824135954
34.0154062300
34.0483988645
34.0813914991
34.1143841336
34.1473767682
34.1803694028
34.2133620373
34.2463546719
34.2793473064
34.3123399410
34.3453325755
34.3783252101
34.4113178447
34.4443104792
34.4773031138
34.5102957483
34.5432883829
34.5762810175
34.6092736520
34.6422662866
34.6752589211
34.7082515557
34.7412441902
34.7742368248
34.8072294594
34.8402220939
34.8732147285
34.9062073630
34.9391999976
34.9721926322
35.0051852667
35.0381779013
35.0711705358
35.1041631704
35.1371558050
35.1701484395
35.2031410741
35.2361337086
35.2691263432
35.3021189777
35.3351116123
35.3681042469
35.4010968814
35.4340895160
35.4670821505
35.5000747851
35.5330674197
35.5660600542
35.5990526888
35.6320453233
35.6650379579
35.6980305924
35.7310232270
35.7640158616
35.7970084961
35.8300011307
35.8629937652
35.8959863998
35.9289790344
35.9619716689
35.9949643035
36.0279569380
36.0609495726
36.0939422072
36.1269348417
36.1599274763
36.1929201108
36.2259127454
36.2589053799
36.2918980145
36.3248906491
36.3578832836
36.3908759182
36.4238685527
36.4568611873
36.4898538219
36.5228464564
36.5558390910
36.5888317255
36.6218243601
36.6548169946
36.6878096292
36.7208022638
36.7537948983
36.7867875329
36.8197801674
36.8527728020
36.8857654366
36.9187580711
36.9517507057
36.9847433402
37.0177359748
37.0507286094
37.0837212439
37.1167138785
37.1497065130
37.1826991476
37.2156917821
37.2486844167
37.2816770513
37.3146696858
37.3476623204
37.3806549549
37.4136475895
37.4466402241
37.4796328586
37.5126254932
37.5456181277
37.5786107623
37.6116033968
37.6445960314
37.6775886660
37.7105813005
37.7435739351
37.7765665696
37.8095592042
37.8425518388
37.8755444733
37.9085371079
37.9415297424
37.9745223770
38.0075150116
38.0405076461
38.0735002807
38.1064929152
38.1394855498
38.1724781843
38.2054708189
38.2384634535
38.2714560880
38.3044487226
38.3374413571
38.3704339917
38.4034266263
38.4364192608
38.4694118954
38.5024045299
38.5353971645
38.5683897990
38.6013824336
38.6343750682
38.6673677027
38.7003603373
38.7333529718
38.7663456064
38.7993382410
38.8323308755
38.8653235101
38.8983161446
38.9313087792
38.9643014138
38.9972940483
39.0302866829
39.0632793174
39.0962719520
39.1292645865
39.1622572211
39.1952498557
39.2282424902
39.2612351248
39.2942277593
39.3272203939
39.3602130285
39.3932056630
39.4261982976
39.4591909321
39.4921835667
39.5251762013
39.5581688358
39.5911614704
39.6241541049
39.6571467395
39.6901393740
39.7231320086
39.7561246432
39.7891172777
39.8221099123
39.8551025468
39.8880951814
39.9210878160
39.9540804505
39.9870730851
40.0200657196
40.0530583542
40.0860509887
40.1190436233
40.1520362579
40.1850288924
40.2180215270
40.2510141615
40.2840067961
40.3169994307
40.3499920652
40.3829846998
40.4159773343
40.4489699689
40.4819626035
40.5149552380
40.5479478726
40.5809405071
40.6139331417
40.6469257762
40.6799184108
40.7129110454
40.7459036799
40.7788963145
40.8118889490
40.8448815836
40.8778742182
40.9108668527
40.9438594873
40.9768521218
41.0098447564
41.0428373909
41.0758300255
41.1088226601
41.1418152946
41.1748079292
41.2078005637
41.2407931983
41.2737858329
41.3067784674
41.3397711020
41.3727637365
41.4057563711
41.4387490057
41.4717416402
41.5047342748
41.5377269093
41.5707195439
41.6037121784
41.6367048130
41.6696974476
41.7026900821
41.7356827167
41.7686753512
41.8016679858
41.8346606204
41.8676532549
41.9006458895
41.9336385240
41.9666311586
41.9996237931
42.0326164277
42.0656090623
42.0986016968
42.1315943314
42.1645869659
42.1975796005
42.2305722351
42.2635648696
42.2965575042
42.3295501387
42.3625427733
42.3955354079
42.4285280424
42.4615206770
42.4945133115
42.5275059461
42.5604985806
42.5934912152
42.6264838498
42.6594764843
42.6924691189
42.7254617534
42.7584543880
42.7914470226
42.8244396571
42.8574322917
42.8904249262
42.9234175608
42.9564101953
42.9894028299
43.0223954645
43.0553880990
43.0883807336
43.1213733681
43.1543660027
43.1873586373
43.2203512718
43.2533439064
43.2863365409
43.3193291755
43.3523218101
43.3853144446
43.4183070792
43.4512997137
43.4842923483
43.5172849828
43.5502776174
43.5832702520
43.6162628865
43.6492555211
43.6822481556
43.7152407902
43.7482334248
43.7812260593
43.8142186939
43.8472113284
43.8802039630
43.9131965975
43.9461892321
43.9791818667
44.0121745012
44.0451671358
44.0781597703
44.1111524049
44.1441450395
44.1771376740
44.2101303086
44.2431229431
44.2761155777
44.3091082123
44.3421008468
44.3750934814
44.4080861159
44.4410787505
44.4740713850
44.5070640196
44.5400566542
44.5730492887
44.6060419233
44.6390345578
44.6720271924
44.7050198270
44.7380124615
44.7710050961
44.8039977306
44.8369903652
44.8699829997
44.9029756343
44.9359682689
44.9689609034
45.0019535380
45.0349461725
45.0679388071
45.1009314417
45.1339240762
45.1669167108
45.1999093453
45.2329019799
45.2658946145
45.2988872490
45.3318798836
45.3648725181
45.3978651527
45.4308577872
45.4638504218
45.4968430564
45.5298356909
45.5628283255
45.5958209600
45.6288135946
45.6618062292
45.6947988637
45.7277914983
45.7607841328
45.7937767674
45.8267694020
45.8597620365
45.8927546711
45.9257473056
45.9587399402
45.9917325747
46.0247252093
46.0577178439
46.0907104784
46.1237031130
46.1566957475
46.1896883821
46.2226810167
46.2556736512
46.2886662858
46.3216589203
46.3546515549
46.3876441894
46.4206368240
46.4536294586
46.4866220931
46.5196147277
46.5526073622
46.5855999968
46.6185926314
46.6515852659
46.6845779005
46.7175705350
46.7505631696
46.7835558042
46.8165484387
46.8495410733
46.8825337078
46.9155263424
46.9485189769
46.9815116115
47.0145042461
47.0474968806
47.0804895152
47.1134821497
47.1464747843
47.1794674189
47.2124600534
47.2454526880
47.2784453225
47.3114379571
47.3444305916
47.3774232262
47.4104158608
47.4434084953
47.4764011299
47.5093937644
47.5423863990
47.5753790336
47.6083716681
47.6413643027
47.6743569372
47.7073495718
47.7403422064
47.7733348409
47.8063274755
47.8393201100
47.8723127446
47.9053053791
47.9382980137
47.9712906483
48.0042832828
48.0372759174
48.0702685519
48.1032611865
48.1362538211
48.1692464556
48.2022390902
48.2352317247
48.2682243593
48.3012169938
48.3342096284
48.3672022630
48.4001948975
48.4331875321
48.4661801666
48.4991728012
48.5321654358
48.5651580703
48.5981507049
48.6311433394
48.6641359740
48.6971286086
48.7301212431
48.7631138777
48.7961065122
48.8290991468
48.8620917813
48.8950844159
48.9280770505
48.9610696850
48.9940623196
49.0270549541
49.0600475887
49.0930402233
49.1260328578
49.1590254924
49.1920181269
49.2250107615
49.2580033960
49.2909960306
49.3239886652
49.3569812997
49.3899739343
49.4229665688
49.4559592034
49.4889518380
49.5219444725
49.5549371071
49.5879297416
49.6209223762
49.6539150108
49.6869076453
49.7199002799
49.7528929144
49.7858855490
49.8188781835
49.8518708181
49.8848634527
49.9178560872
49.9508487218
49.9838413563
50.0168339909
50.0498266255
50.0828192600
50.1158118946
50.1488045291
50.1817971637
50.2147897982
50.2477824328
50.2807750674
50.3137677019
50.3467603365
50.3797529710
50.4127456056
50.4457382402
50.4787308747
50.5117235093
50.5447161438
50.5777087784
50.6107014130
50.6436940475
50.6766866821
50.7096793166
50.7426719512
50.7756645857
50.8086572203
50.8416498549
50.8746424894
50.9076351240
50.9406277585
50.9736203931
51.0066130277
51.0396056622
51.0725982968
51.1055909313
51.1385835659
51.1715762005
51.2045688350
51.2375614696
51.2705541041
51.3035467387
51.3365393732
51.3695320078
51.4025246424
51.4355172769
51.4685099115
51.5015025460
51.5344951806
51.5674878152
51.6004804497
51.6334730843
51.6664657188
51.6994583534
51.7324509879
51.7654436225
51.7984362571
51.8314288916
51.8644215262
51.8974141607
51.9304067953
51.9633994299
51.9963920644
52.0293846990
52.0623773335
52.0953699681
52.1283626027
52.1613552372
52.1943478718
52.2273405063
52.2603331409
52.2933257754
52.3263184100
52.3593110446
52.3923036791
52.4252963137
52.4582889482
52.4912815828
52.5242742174
52.5572668519
52.5902594865
52.6232521210
52.6562447556
52.6892373901
52.7222300247
52.7552226593
52.7882152938
52.8212079284
52.8542005629
52.8871931975
52.9201858321
52.9531784666
52.9861711012
53.0191637357
53.0521563703
53.0851490049
53.1181416394
53.1511342740
53.1841269085
53.2171195431
53.2501121776
53.2831048122
53.3160974468
53.3490900813
53.3820827159
53.4150753504
53.4480679850
53.4810606196
53.5140532541
53.5470458887
53.5800385232
53.6130311578
53.6460237923
53.6790164269
53.7120090615
53.7450016960
53.7779943306
53.8109869651
53.8439795997
53.8769722343
53.9099648688
53.9429575034
53.9759501379
54.0089427725
54.0419354071
54.0749280416
54.1079206762
54.1409133107
54.1739059453
54.2068985798
54.2398912144
54.2728838490
54.3058764835
54.3388691181
54.3718617526
54.4048543872
54.4378470218
54.4708396563
54.5038322909
54.5368249254
54.5698175600
54.6028101945
54.6358028291
54.6687954637
54.7017880982
54.7347807328
54.7677733673
54.8007660019
54.8337586365
54.8667512710
54.8997439056
54.9327365401
54.9657291747
54.9987218093
55.0317144438
55.0647070784
55.0976997129
55.1306923475
55.1636849820
55.1966776166
55.2296702512
55.2626628857
55.2956555203
55.3286481548
55.3616407894
55.3946334240
55.4276260585
55.4606186931
55.4936113276
55.5266039622
55.5595965967
55.5925892313
55.6255818659
55.6585745004
55.6915671350
55.7245597695
55.7575524041
55.7905450387
55.8235376732
55.8565303078
55.8895229423
55.9225155769
55.9555082115
55.9885008460
56.0214934806
56.0544861151
56.0874787497
56.1204713842
56.1534640188
56.1864566534
56.2194492879
56.2524419225
56.2854345570
56.3184271916
56.3514198262
56.3844124607
56.4174050953
56.4503977298
56.4833903644
56.5163829989
56.5493756335
56.5823682681
56.6153609026
56.6483535372
56.6813461717
56.7143388063
56.7473314409
56.7803240754
56.8133167100
56.8463093445
56.8793019791
56.9122946137
56.9452872482
56.9782798828
57.0112725173
57.0442651519
57.0772577864
57.1102504210
57.1432430556
57.1762356901
57.2092283247
57.2422209592
57.2752135938
57.3082062284
57.3411988629
57.3741914975
57.4071841320
57.4401767666
57.4731694012
57.5061620357
57.5391546703
57.5721473048
57.6051399394
57.6381325739
57.6711252085
57.7041178431
57.7371104776
57.7701031122
57.8030957467
57.8360883813
57.8690810159
57.9020736504
57.9350662850
57.9680589195
58.0010515541
58.0340441886
58.0670368232
58.1000294578
58.1330220923
58.1660147269
58.1990073614
58.2319999960
58.2649926306
58.2979852651
58.3309778997
58.3639705342
58.3969631688
58.4299558034
58.4629484379
58.4959410725
58.5289337070
58.5619263416
58.5949189761
58.6279116107
58.6609042453
58.6938968798
58.7268895144
58.7598821489
58.7928747835
58.8258674181
58.8588600526
58.8918526872
58.9248453217
58.9578379563
58.9908305908
59.0238232254
59.0568158600
59.0898084945
59.1228011291
59.1557937636
59.1887863982
59.2217790328
59.2547716673
59.2877643019
59.3207569364
59.3537495710
59.3867422056
59.4197348401
59.4527274747
59.4857201092
59.5187127438
59.5517053783
59.5846980129
59.6176906475
59.6506832820
59.6836759166
59.7166685511
59.7496611857
59.7826538203
59.8156464548
59.8486390894
59.8816317239
59.9146243585
59.9476169930
59.9806096276
60.0136022622
60.0465948967
60.0795875313
60.1125801658
60.1455728004
60.1785654350
60.2115580695
60.2445507041
60.2775433386
60.3105359732
60.3435286078
60.3765212423
60.4095138769
60.4425065114
60.4754991460
60.5084917805
60.5414844151
60.5744770497
60.6074696842
60.6404623188
60.6734549533
60.7064475879
60.7394402225
60.7724328570
60.8054254916
60.8384181261
60.8714107607
60.9044033952
60.9373960298
60.9703886644
61.0033812989
61.0363739335
61.0693665680
61.1023592026
61.1353518372
61.1683444717
61.2013371063
61.2343297408
61.2673223754
61.3003150100
61.3333076445
61.3663002791
61.3992929136
61.4322855482
61.4652781827
61.4982708173
61.5312634519
61.5642560864
61.5972487210
61.6302413555
61.6632339901
61.6962266247
61.7292192592
61.7622118938
61.7952045283
61.8281971629
61.8611897974
61.8941824320
61.9271750666
61.9601677011
61.9931603357
62.0261529702
62.0591456048
62.0921382394
62.1251308739
62.1581235085
62.1911161430
62.2241087776
62.2571014122
62.2900940467
62.3230866813
62.3560793158
62.3890719504
62.4220645849
62.4550572195
62.4880498541
62.5210424886
62.5540351232
62.5870277577
62.6200203923
62.6530130269
62.6860056614
62.7189982960
62.7519909305
62.7849835651
62.8179761996
62.8509688342
62.8839614688
62.9169541033
62.9499467379
62.9829393724
63.0159320070
63.0489246416
63.0819172761
63.1149099107
63.1479025452
63.1808951798
63.2138878144
63.2468804489
63.2798730835
63.3128657180
63.3458583526
63.3788509871
63.4118436217
63.4448362563
63.4778288908
63.5108215254
63.5438141599
63.5768067945
63.6097994291
63.6427920636
63.6757846982
63.7087773327
63.7417699673
63.7747626019
63.8077552364
63.8407478710
63.8737405055
63.9067331401
63.9397257746
63.9727184092
64.0057110438
64.0387036783
64.0716963129
64.1046889474
64.1376815820
64.1706742166
64.2036668511
64.2366594857
64.2696521202
64.3026447548
64.3356373893
64.3686300239
64.4016226585
64.4346152930
64.4676079276
64.5006005621
64.5335931967
64.5665858313
64.5995784658
64.6325711004
64.6655637349
64.6985563695
64.7315490041
64.7645416386
64.7975342732
64.8305269077
64.8635195423
64.8965121768
64.9295048114
64.9624974460
64.9954900805
65.0284827151
65.0614753496
65.0944679842
65.1274606188
65.1604532533
65.1934458879
65.2264385224
65.2594311570
65.2924237915
65.3254164261
65.3584090607
65.3914016952
65.4243943298
65.4573869643
65.4903795989
65.5233722335
65.5563648680
65.5893575026
65.6223501371
65.6553427717
65.6883354063
65.7213280408
65.7543206754
65.7873133099
65.8203059445
65.8532985790
65.8862912136
65.9192838482
65.9522764827
65.9852691173
66.0182617518
66.0512543864
66.0842470210
66.1172396555
66.1502322901
66.1832249246
66.2162175592
66.2492101937
66.2822028283
66.3151954629
66.3481880974
66.3811807320
66.4141733665
66.4471660011
66.4801586357
66.5131512702
66.5461439048
66.5791365393
66.6121291739
66.6451218085
66.6781144430
66.7111070776
66.7440997121
66.7770923467
66.8100849812
66.8430776158
66.8760702504
66.9090628849
66.9420555195
66.9750481540
67.0080407886
67.0410334232
67.0740260577
67.1070186923
67.1400113268
67.1730039614
67.2059965959
67.2389892305
67.2719818651
67.3049744996
67.3379671342
67.3709597687
67.4039524033
67.4369450379
67.4699376724
67.5029303070
67.5359229415
67.5689155761
67.6019082107
67.6349008452
67.6678934798
67.7008861143
67.7338787489
67.7668713834
67.7998640180
67.8328566526
67.8658492871
67.8988419217
67.9318345562
67.9648271908
67.9978198254
68.0308124599
68.0638050945
68.0967977290
68.1297903636
68.1627829981
68.1957756327
68.2287682673
68.2617609018
68.2947535364
68.3277461709
68.3607388055
68.3937314401
68.4267240746
68.4597167092
68.4927093437
68.5257019783
68.5586946129
68.5916872474
68.6246798820
68.6576725165
68.6906651511
68.7236577856
68.7566504202
68.7896430548
68.8226356893
68.8556283239
68.8886209584
68.9216135930
68.9546062276
68.9875988621
69.0205914967
69.0535841312
69.0865767658
69.1195694004
69.1525620349
69.1855546695
69.2185473040
69.2515399386
69.2845325731
69.3175252077
69.3505178423
69.3835104768
69.4165031114
69.4494957459
69.4824883805
69.5154810151
69.5484736496
69.5814662842
69.6144589187
69.6474515533
69.6804441878
69.7134368224
69.7464294570
69.7794220915
69.8124147261
69.8454073606
69.8783999952
69.9113926298
69.9443852643
69.9773778989
70.0103705334
70.0433631680
70.0763558026
70.1093484371
70.1423410717
70.1753337062
70.2083263408
70.2413189753
70.2743116099
70.3073042445
70.3402968790
70.3732895136
70.4062821481
70.4392747827
70.4722674173
70.5052600518
70.5382526864
70.5712453209
70.6042379555
70.6372305900
70.6702232246
70.7032158592
70.7362084937
70.7692011283
70.8021937628
70.8351863974
70.8681790320
70.9011716665
70.9341643011
70.9671569356
71.0001495702
71.0331422048
71.0661348393
71.0991274739
71.1321201084
71.1651127430
71.1981053775
71.2310980121
71.2640906467
71.2970832812
71.3300759158
71.3630685503
71.3960611849
71.4290538195
71.4620464540
71.4950390886
71.5280317231
71.5610243577
71.5940169922
71.6270096268
71.6600022614
71.6929948959
71.7259875305
71.7589801650
71.7919727996
71.8249654342
71.8579580687
71.8909507033
71.9239433378
71.9569359724
71.9899286070
72.0229212415
72.0559138761
72.0889065106
72.1218991452
72.1548917797
72.1878844143
72.2208770489
72.2538696834
72.2868623180
72.3198549525
72.3528475871
72.3858402217
72.4188328562
72.4518254908
72.4848181253
72.5178107599
72.5508033944
72.5837960290
72.6167886636
72.6497812981
72.6827739327
72.7157665672
72.7487592018
72.7817518364
72.8147444709
72.8477371055
72.8807297400
72.9137223746
72.9467150092
72.9797076437
73.0127002783
73.0456929128
73.0786855474
73.1116781819
73.1446708165
73.1776634511
73.2106560856
73.2436487202
73.2766413547
73.3096339893
73.3426266239
73.3756192584
73.4086118930
73.4416045275
73.4745971621
73.5075897966
73.5405824312
73.5735750658
73.6065677003
73.6395603349
73.6725529694
73.7055456040
73.7385382386
73.7715308731
73.8045235077
73.8375161422
73.8705087768
73.9035014114
73.9364940459
73.9694866805
74.0024793150
74.0354719496
74.0684645841
74.1014572187
74.1344498533
74.1674424878
74.2004351224
74.2334277569
74.2664203915
74.2994130261
74.3324056606
74.3653982952
74.3983909297
74.4313835643
74.4643761988
74.4973688334
74.5303614680
74.5633541025
74.5963467371
74.6293393716
74.6623320062
74.6953246408
74.7283172753
74.7613099099
74.7943025444
74.8272951790
74.8602878136
74.8932804481
74.9262730827
74.9592657172
74.9922583518
75.0252509863
75.0582436209
75.0912362555
75.1242288900
75.1572215246
75.1902141591
75.2232067937
75.2561994283
75.2891920628
75.3221846974
75.3551773319
75.3881699665
75.4211626011
75.4541552356
75.4871478702
75.5201405047
75.5531331393
75.5861257738
75.6191184084
75.6521110430
75.6851036775
75.7180963121
75.7510889466
75.7840815812
75.8170742158
75.8500668503
75.8830594849
75.9160521194
75.9490447540
75.9820373885
76.0150300231
76.0480226577
76.0810152922
76.1140079268
76.1470005613
76.1799931959
76.2129858305
76.2459784650
76.2789710996
76.3119637341
76.3449563687
76.3779490033
76.4109416378
76.4439342724
76.4769269069
76.5099195415
76.5429121760
76.5759048106
76.6088974452
76.6418900797
76.6748827143
76.7078753488
76.7408679834
76.7738606180
76.8068532525
76.8398458871
76.8728385216
76.9058311562
76.9388237907
76.9718164253
77.0048090599
77.0378016944
77.0707943290
77.1037869635
77.1367795981
77.1697722327
77.2027648672
77.2357575018
77.2687501363
77.3017427709
77.3347354055
77.3677280400
77.4007206746
77.4337133091
77.4667059437
77.4996985782
77.5326912128
77.5656838474
77.5986764819
77.6316691165
77.6646617510
77.6976543856
77.7306470202
77.7636396547
77.7966322893
77.8296249238
77.8626175584
77.8956101929
77.9286028275
77.9615954621
77.9945880966
78.0275807312
78.0605733657
78.0935660003
78.1265586349
78.1595512694
78.1925439040
78.2255365385
78.2585291731
78.2915218077
78.3245144422
78.3575070768
78.3904997113
78.4234923459
78.4564849804
78.4894776150
78.5224702496
78.5554628841
78.5884555187
78.6214481532
78.6544407878
78.6874334224
78.7204260569
78.7534186915
78.7864113260
78.8194039606
78.8523965951
78.8853892297
78.9183818643
78.9513744988
78.9843671334
79.0173597679
79.0503524025
79.0833450371
79.1163376716
79.1493303062
79.1823229407
79.2153155753
79.2483082099
79.2813008444
79.3142934790
79.3472861135
79.3802787481
79.4132713826
79.4462640172
79.4792566518
79.5122492863
79.5452419209
79.5782345554
79.6112271900
79.6442198246
79.6772124591
79.7102050937
79.7431977282
79.7761903628
79.8091829973
79.8421756319
79.8751682665
79.9081609010
79.9411535356
79.9741461701
80.0071388047
80.0401314393
80.0731240738
80.1061167084
80.1391093429
80.1721019775
80.2050946121
80.2380872466
80.2710798812
80.3040725157
80.3370651503
80.3700577848
80.4030504194
80.4360430540
80.4690356885
80.5020283231
80.5350209576
80.5680135922
80.6010062268
80.6339988613
80.6669914959
80.6999841304
80.7329767650
80.7659693995
80.7989620341
80.8319546687
80.8649473032
80.8979399378
80.9309325723
80.9639252069
80.9969178415
81.0299104760
81.0629031106
81.0958957451
81.1288883797
81.1618810143
81.1948736488
81.2278662834
81.2608589179
81.2938515525
81.3268441870
81.3598368216
81.3928294562
81.4258220907
81.4588147253
81.4918073598
81.5247999944
81.5577926290
81.5907852635
81.6237778981
81.6567705326
81.6897631672
81.7227558018
81.7557484363
81.7887410709
81.8217337054
81.8547263400
81.8877189745
81.9207116091
81.9537042437
81.9866968782
82.0196895128
82.0526821473
82.0856747819
82.1186674165
82.1516600510
82.1846526856
82.2176453201
82.2506379547
82.2836305892
82.3166232238
82.3496158584
82.3826084929
82.4156011275
82.4485937620
82.4815863966
82.5145790312
82.5475716657
82.5805643003
82.6135569348
82.6465495694
82.6795422040
82.7125348385
82.7455274731
82.7785201076
82.8115127422
82.8445053767
82.8774980113
82.9104906459
82.9434832804
82.9764759150
83.0094685495
83.0424611841
83.0754538187
83.1084464532
83.1414390878
83.1744317223
83.2074243569
83.2404169914
83.2734096260
83.3064022606
83.3393948951
83.3723875297
83.4053801642
83.4383727988
83.4713654334
83.5043580679
83.5373507025
83.5703433370
83.6033359716
83.6363286062
83.6693212407
83.7023138753
83.7353065098
83.7682991444
83.8012917789
83.8342844135
83.8672770481
83.9002696826
83.9332623172
83.9662549517
83.9992475863
84.0322402209
84.0652328554
84.0982254900
84.1312181245
84.1642107591
84.1972033936
84.2301960282
84.2631886628
84.2961812973
84.3291739319
84.3621665664
84.3951592010
84.4281518356
84.4611444701
84.4941371047
84.5271297392
84.5601223738
84.5931150084
84.6261076429
84.6591002775
84.6920929120
84.7250855466
84.7580781811
84.7910708157
84.8240634503
84.8570560848
84.8900487194
84.9230413539
84.9560339885
84.9890266231
85.0220192576
85.0550118922
85.0880045267
85.1209971613
85.1539897958
85.1869824304
85.2199750650
85.2529676995
85.2859603341
85.3189529686
85.3519456032
85.3849382378
85.4179308723
85.4509235069
85.4839161414
85.5169087760
85.5499014106
85.5828940451
85.6158866797
85.6488793142
85.6818719488
85.7148645833
85.7478572179
85.7808498525
85.8138424870
85.8468351216
85.8798277561
85.9128203907
85.9458130253
85.9788056598
86.0117982944
86.0447909289
86.0777835635
86.1107761980
86.1437688326
86.1767614672
86.2097541017
86.2427467363
86.2757393708
86.3087320054
86.3417246400
86.3747172745
86.4077099091
86.4407025436
86.4736951782
86.5066878128
86.5396804473
86.5726730819
86.6056657164
86.6386583510
86.6716509855
86.7046436201
86.7376362547
86.7706288892
86.8036215238
86.8366141583
86.8696067929
86.9025994275
86.9355920620
86.9685846966
87.0015773311
87.0345699657
87.0675626003
87.1005552348
87.1335478694
87.1665405039
87.1995331385
87.2325257730
87.2655184076
87.2985110422
87.3315036767
87.3644963113
87.3974889458
87.4304815804
87.4634742150
87.4964668495
87.5294594841
87.5624521186
87.5954447532
87.6284373877
87.6614300223
87.6944226569
87.7274152914
87.7604079260
87.7934005605
87.8263931951
87.8593858297
87.8923784642
87.9253710988
87.9583637333
87.9913563679
88.0243490025
88.0573416370
88.0903342716
88.1233269061
88.1563195407
88.1893121752
88.2223048098
88.2552974444
88.2882900789
88.3212827135
88.3542753480
88.3872679826
88.4202606172
88.4532532517
88.4862458863
88.5192385208
88.5522311554
88.5852237899
88.6182164245
88.6512090591
88.6842016936
88.7171943282
88.7501869627
88.7831795973
88.8161722319
88.8491648664
88.8821575010
88.9151501355
88.9481427701
88.9811354047
89.0141280392
89.0471206738
89.0801133083
89.1131059429
89.1460985774
89.1790912120
89.2120838466
89.2450764811
89.2780691157
89.3110617502
89.3440543848
89.3770470194
89.4100396539
89.4430322885
89.4760249230
89.5090175576
89.5420101921
89.5750028267
89.6079954613
89.6409880958
89.6739807304
89.7069733649
89.7399659995
89.7729586341
89.8059512686
89.8389439032
89.8719365377
89.9049291723
89.9379218069
89.9709144414
90.0039070760
90.0368997105
90.0698923451
90.1028849796
90.1358776142
90.1688702488
90.2018628833
90.2348555179
90.2678481524
90.3008407870
90.3338334216
90.3668260561
90.3998186907
90.4328113252
90.4658039598
90.4987965943
90.5317892289
90.5647818635
90.5977744980
90.6307671326
90.6637597671
90.6967524017
90.7297450363
90.7627376708
90.7957303054
90.8287229399
90.8617155745
90.8947082091
90.9277008436
90.9606934782
90.9936861127
91.0266787473
91.0596713818
91.0926640164
91.1256566510
91.1586492855
91.1916419201
91.2246345546
91.2576271892
91.2906198238
91.3236124583
91.3566050929
91.3895977274
91.4225903620
91.4555829965
91.4885756311
91.5215682657
91.5545609002
91.5875535348
91.6205461693
91.6535388039
91.6865314385
91.7195240730
91.7525167076
91.7855093421
91.8185019767
91.8514946113
91.8844872458
91.9174798804
91.9504725149
91.9834651495
92.0164577840
92.0494504186
92.0824430532
92.1154356877
92.1484283223
92.1814209568
92.2144135914
92.2474062260
92.2803988605
92.3133914951
92.3463841296
92.3793767642
92.4123693987
92.4453620333
92.4783546679
92.5113473024
92.5443399370
92.5773325715
92.6103252061
92.6433178407
92.6763104752
92.7093031098
92.7422957443
92.7752883789
92.8082810135
92.8412736480
92.8742662826
92.9072589171
92.9402515517
92.9732441862
93.0062368208
93.0392294554
93.0722220899
93.1052147245
93.1382073590
93.1711999936
93.2041926282
93.2371852627
93.2701778973
93.3031705318
93.3361631664
93.3691558010
93.4021484355
93.4351410701
93.4681337046
93.5011263392
93.5341189737
93.5671116083
93.6001042429
93.6330968774
93.6660895120
93.6990821465
93.7320747811
93.7650674157
93.7980600502
93.8310526848
93.8640453193
93.8970379539
93.9300305884
93.9630232230
93.9960158576
94.0290084921
94.0620011267
94.0949937612
94.1279863958
94.1609790304
94.1939716649
94.2269642995
94.2599569340
94.2929495686
94.3259422032
94.3589348377
94.3919274723
94.4249201068
94.4579127414
94.4909053759
94.5238980105
94.5568906451
94.5898832796
94.6228759142
94.6558685487
94.6888611833
94.7218538179
94.7548464524
94.7878390870
94.8208317215
94.8538243561
94.8868169906
94.9198096252
94.9528022598
94.9857948943
95.0187875289
95.0517801634
95.0847727980
95.1177654326
95.1507580671
95.1837507017
95.2167433362
95.2497359708
95.2827286054
95.3157212399
95.3487138745
95.3817065090
95.4146991436
95.4476917781
95.4806844127
95.5136770473
95.5466696818
95.5796623164
95.6126549509
95.6456475855
95.6786402201
95.7116328546
95.7446254892
95.7776181237
95.8106107583
95.8436033928
95.8765960274
95.9095886620
95.9425812965
95.9755739311
96.0085665656
96.0415592002
96.0745518348
96.1075444693
96.1405371039
96.1735297384
96.2065223730
96.2395150076
96.2725076421
96.3055002767
96.3384929112
96.3714855458
96.4044781803
96.4374708149
96.4704634495
96.5034560840
96.5364487186
96.5694413531
96.6024339877
96.6354266223
96.6684192568
96.7014118914
96.7344045259
96.7673971605
96.8003897950
96.8333824296
96.8663750642
96.8993676987
96.9323603333
96.9653529678
96.9983456024
97.0313382370
97.0643308715
97.0973235061
97.1303161406
97.1633087752
97.1963014098
97.2292940443
97.2622866789
97.2952793134
97.3282719480
97.3612645825
97.3942572171
97.4272498517
97.4602424862
97.4932351208
97.5262277553
97.5592203899
97.5922130245
97.6252056590
97.6581982936
97.6911909281
97.7241835627
97.7571761972
97.7901688318
97.8231614664
97.8561541009
97.8891467355
97.9221393700
97.9551320046
97.9881246392
98.0211172737
98.0541099083
98.0871025428
98.1200951774
98.1530878120
98.1860804465
98.2190730811
98.2520657156
98.2850583502
98.3180509847
98.3510436193
98.3840362539
98.4170288884
98.4500215230
98.4830141575
98.5160067921
98.5489994267
98.5819920612
98.6149846958
98.6479773303
98.6809699649
98.7139625994
98.7469552340
98.7799478686
98.8129405031
98.8459331377
98.8789257722
98.9119184068
98.9449110414
98.9779036759
99.0108963105
99.0438889450
99.0768815796
99.1098742142
99.1428668487
99.1758594833
99.2088521178
99.2418447524
99.2748373869
99.3078300215
99.3408226561
99.3738152906
99.4068079252
99.4398005597
99.4727931943
99.5057858289
99.5387784634
99.5717710980
99.6047637325
99.6377563671
99.6707490017
99.7037416362
99.7367342708
99.7697269053
99.8027195399
99.8357121744
99.8687048090
99.9016974436
99.9346900781
99.9676827127
100.0006753472
100.0336679818
100.0666606164
100.0996532509
100.1326458855
100.1656385200
100.1986311546
100.2316237891
100.2646164237
100.2976090583
100.3306016928
100.3635943274
100.3965869619
100.4295795965
100.4625722311
100.4955648656
100.5285575002
100.5615501347
100.5945427693
100.6275354039
100.6605280384
100.6935206730
100.7265133075
100.7595059421
100.7924985766
100.8254912112
100.8584838458
100.8914764803
100.9244691149
100.9574617494
100.9904543840
101.0234470186
101.0564396531
101.0894322877
101.1224249222
101.1554175568
101.1884101913
101.2214028259
101.2543954605
101.2873880950
101.3203807296
101.3533733641
101.3863659987
101.4193586333
101.4523512678
101.4853439024
101.5183365369
101.5513291715
101.5843218061
101.6173144406
101.6503070752
101.6832997097
101.7162923443
101.7492849788
101.7822776134
101.8152702480
101.8482628825
101.8812555171
101.9142481516
101.9472407862
101.9802334208
102.0132260553
102.0462186899
102.0792113244
102.1122039590
102.1451965935
102.1781892281
102.2111818627
102.2441744972
102.2771671318
102.3101597663
102.3431524009
102.3761450355
102.4091376700
102.4421303046
102.4751229391
102.5081155737
102.5411082083
102.5741008428
102.6070934774
102.6400861119
102.6730787465
102.7060713810
102.7390640156
102.7720566502
102.8050492847
102.8380419193
102.8710345538
102.9040271884
102.9370198230
102.9700124575
103.0030050921
103.0359977266
103.0689903612
103.1019829957
103.1349756303
103.1679682649
103.2009608994
103.2339535340
103.2669461685
103.2999388031
103.3329314377
103.3659240722
103.3989167068
103.4319093413
103.4649019759
103.4978946105
103.5308872450
103.5638798796
103.5968725141
103.6298651487
103.6628577832
103.6958504178
103.7288430524
103.7618356869
103.7948283215
103.8278209560
103.8608135906
103.8938062252
103.9267988597
103.9597914943
103.9927841288
104.0257767634
104.0587693979
104.0917620325
104.1247546671
104.1577473016
104.1907399362
104.2237325707
104.2567252053
104.2897178399
104.3227104744
104.3557031090
104.3886957435
104.4216883781
104.4546810127
104.4876736472
104.5206662818
104.5536589163
104.5866515509
104.6196441854
104.6526368200
104.6856294546
104.7186220891
104.7516147237
104.7846073582
104.8175999928
104.8505926274
104.8835852619
104.9165778965
104.9495705310
104.9825631656
105.0155558002
105.0485484347
105.0815410693
105.1145337038
105.1475263384
105.1805189729
105.2135116075
105.2465042421
105.2794968766
105.3124895112
105.3454821457
105.3784747803
105.4114674149
105.4444600494
105.4774526840
105.5104453185
105.5434379531
105.5764305876
105.6094232222
105.6424158568
105.6754084913
105.7084011259
105.7413937604
105.7743863950
105.8073790296
105.8403716641
105.8733642987
105.9063569332
105.9393495678
105.9723422024
106.0053348369
106.0383274715
106.0713201060
106.1043127406
106.1373053751
106.1702980097
106.2032906443
106.2362832788
106.2692759134
106.3022685479
106.3352611825
106.3682538171
106.4012464516
106.4342390862
106.4672317207
106.5002243553
106.5332169898
106.5662096244
106.5992022590
106.6321948935
106.6651875281
106.6981801626
106.7311727972
106.7641654318
106.7971580663
106.8301507009
106.8631433354
106.8961359700
106.9291286046
106.9621212391
106.9951138737
107.0281065082
107.0610991428
107.0940917773
107.1270844119
107.1600770465
107.1930696810
107.2260623156
107.2590549501
107.2920475847
107.3250402193
107.3580328538
107.3910254884
107.4240181229
107.4570107575
107.4900033920
107.5229960266
107.5559886612
107.5889812957
107.6219739303
107.6549665648
107.6879591994
107.7209518340
107.7539444685
107.7869371031
107.8199297376
107.8529223722
107.8859150068
107.9189076413
107.9519002759
107.9848929104
108.0178855450
108.0508781795
108.0838708141
108.1168634487
108.1498560832
108.1828487178
108.2158413523
108.2488339869
108.2818266215
108.3148192560
108.3478118906
108.3808045251
108.4137971597
108.4467897942
108.4797824288
108.5127750634
108.5457676979
108.5787603325
108.6117529670
108.6447456016
108.6777382362
108.7107308707
108.7437235053
108.7767161398
108.8097087744
108.8427014090
108.8756940435
108.9086866781
108.9416793126
108.9746719472
109.0076645817
109.0406572163
109.0736498509
109.1066424854
109.1396351200
109.1726277545
109.2056203891
109.2386130237
109.2716056582
109.3045982928
109.3375909273
109.3705835619
109.4035761964
109.4365688310
109.4695614656
109.5025541001
109.5355467347
109.5685393692
109.6015320038
109.6345246384
109.6675172729
109.7005099075
109.7335025420
109.7664951766
109.7994878112
109.8324804457
109.8654730803
109.8984657148
109.9314583494
109.9644509839
109.9974436185
110.0304362531
110.0634288876
110.0964215222
110.1294141567
110.1624067913
110.1953994259
110.2283920604
110.2613846950
110.2943773295
110.3273699641
110.3603625986
110.3933552332
110.4263478678
110.4593405023
110.4923331369
110.5253257714
110.5583184060
110.5913110406
110.6243036751
110.6572963097
110.6902889442
110.7232815788
110.7562742134
110.7892668479
110.8222594825
110.8552521170
110.8882447516
110.9212373861
110.9542300207
110.9872226553
111.0202152898
111.0532079244
111.0862005589
111.1191931935
111.1521858281
111.1851784626
111.2181710972
111.2511637317
111.2841563663
111.3171490009
111.3501416354
111.3831342700
111.4161269045
111.4491195391
111.4821121736
111.5151048082
111.5480974428
111.5810900773
111.6140827119
111.6470753464
111.6800679810
111.7130606156
111.7460532501
111.7790458847
111.8120385192
111.8450311538
111.8780237883
111.9110164229
111.9440090575
111.9770016920
112.0099943266
112.0429869611
112.0759795957
112.1089722303
112.1419648648
112.1749574994
112.2079501339
112.2409427685
112.2739354031
112.3069280376
112.3399206722
112.3729133067
112.4059059413
112.4388985758
112.4718912104
112.5048838450
112.5378764795
112.5708691141
112.6038617486
112.6368543832
112.6698470178
112.7028396523
112.7358322869
112.7688249214
112.8018175560
112.8348101905
112.8678028251
112.9007954597
112.9337880942
112.9667807288
112.9997733633
113.0327659979
113.0657586325
113.0987512670
113.1317439016
113.1647365361
113.1977291707
113.2307218053
113.2637144398
113.2967070744
113.3296997089
113.3626923435
113.3956849780
113.4286776126
113.4616702472
113.4946628817
113.5276555163
113.5606481508
113.5936407854
113.6266334200
113.6596260545
113.6926186891
113.7256113236
113.7586039582
113.7915965927
113.8245892273
113.8575818619
113.8905744964
113.9235671310
113.9565597655
113.9895524001
114.0225450347
114.0555376692
114.0885303038
114.1215229383
114.1545155729
114.1875082075
114.2205008420
114.2534934766
114.2864861111
114.3194787457
114.3524713802
114.3854640148
114.4184566494
114.4514492839
114.4844419185
114.5174345530
114.5504271876
114.5834198222
114.6164124567
114.6494050913
114.6823977258
114.7153903604
114.7483829949
114.7813756295
114.8143682641
114.8473608986
114.8803535332
114.9133461677
114.9463388023
114.9793314369
115.0123240714
115.0453167060
115.0783093405
115.1113019751
115.1442946097
115.1772872442
115.2102798788
115.2432725133
115.2762651479
115.3092577824
115.3422504170
115.3752430516
115.4082356861
115.4412283207
115.4742209552
115.5072135898
115.5402062244
115.5731988589
115.6061914935
115.6391841280
115.6721767626
115.7051693971
115.7381620317
115.7711546663
115.8041473008
115.8371399354
115.8701325699
115.9031252045
115.9361178391
115.9691104736
116.0021031082
116.0350957427
116.0680883773
116.1010810119
116.1340736464
116.1670662810
116.2000589155
116.2330515501
116.2660441846
116.2990368192
116.3320294538
116.3650220883
116.3980147229
116.4310073574
116.4639999920
116.4969926266
116.5299852611
116.5629778957
116.5959705302
116.6289631648
116.6619557993
116.6949484339
116.7279410685
116.7609337030
116.7939263376
116.8269189721
116.8599116067
116.8929042413
116.9258968758
116.9588895104
116.9918821449
117.0248747795
117.0578674141
117.0908600486
117.1238526832
117.1568453177
117.1898379523
117.2228305868
117.2558232214
117.2888158560
117.3218084905
117.3548011251
117.3877937596
117.4207863942
117.4537790288
117.4867716633
117.5197642979
117.5527569324
117.5857495670
117.6187422016
117.6517348361
117.6847274707
117.7177201052
117.7507127398
117.7837053743
117.8166980089
117.8496906435
117.8826832780
117.9156759126
117.9486685471
117.9816611817
118.0146538163
118.0476464508
118.0806390854
118.1136317199
118.1466243545
118.1796169890
118.2126096236
118.2456022582
118.2785948927
118.3115875273
118.3445801618
118.3775727964
118.4105654310
118.4435580655
118.4765507001
118.5095433346
118.5425359692
118.5755286038
118.6085212383
118.6415138729
118.6745065074
118.7074991420
118.7404917765
118.7734844111
118.8064770457
118.8394696802
118.8724623148
118.9054549493
118.9384475839
118.9714402185
119.0044328530
119.0374254876
119.0704181221
119.1034107567
119.1364033912
119.1693960258
119.2023886604
119.2353812949
119.2683739295
119.3013665640
119.3343591986
119.3673518332
119.4003444677
119.4333371023
119.4663297368
119.4993223714
119.5323150060
119.5653076405
119.5983002751
119.6312929096
119.6642855442
119.6972781787
119.7302708133
119.7632634479
119.7962560824
119.8292487170
119.8622413515
119.8952339861
119.9282266207
119.9612192552
119.9942118898
120.0272045243
120.0601971589
120.0931897934
120.1261824280
120.1591750626
120.1921676971
120.2251603317
120.2581529662
120.2911456008
120.3241382354
120.3571308699
120.3901235045
120.4231161390
120.4561087736
120.4891014082
120.5220940427
120.5550866773
120.5880793118
120.6210719464
120.6540645809
120.6870572155
120.7200498501
120.7530424846
120.7860351192
120.8190277537
120.8520203883
120.8850130229
120.9180056574
120.9509982920
120.9839909265
121.0169835611
121.0499761956
121.0829688302
121.1159614648
121.1489540993
121.1819467339
121.2149393684
121.2479320030
121.2809246376
121.3139172721
121.3469099067
121.3799025412
121.4128951758
121.4458878104
121.4788804449
121.5118730795
121.5448657140
121.5778583486
121.6108509831
121.6438436177
121.6768362523
121.7098288868
121.7428215214
121.7758141559
121.8088067905
121.8417994251
121.8747920596
121.9077846942
121.9407773287
121.9737699633
122.0067625978
122.0397552324
122.0727478670
122.1057405015
122.1387331361
122.1717257706
122.2047184052
122.2377110398
122.2707036743
122.3036963089
122.3366889434
122.3696815780
122.4026742126
122.4356668471
122.4686594817
122.5016521162
122.5346447508
122.5676373853
122.6006300199
122.6336226545
122.6666152890
122.6996079236
122.7326005581
122.7655931927
122.7985858273
122.8315784618
122.8645710964
122.8975637309
122.9305563655
122.9635490001
122.9965416346
123.0295342692
123.0625269037
123.0955195383
123.1285121728
123.1615048074
123.1944974420
123.2274900765
123.2604827111
123.2934753456
123.3264679802
123.3594606148
123.3924532493
123.4254458839
123.4584385184
123.4914311530
123.5244237875
123.5574164221
123.5904090567
123.6234016912
123.6563943258
123.6893869603
123.7223795949
123.7553722295
123.7883648640
123.8213574986
123.8543501331
123.8873427677
123.9203354023
123.9533280368
123.9863206714
124.0193133059
124.0523059405
124.0852985750
124.1182912096
124.1512838442
124.1842764787
124.2172691133
124.2502617478
124.2832543824
124.3162470170
124.3492396515
124.3822322861
124.4152249206
124.4482175552
124.4812101897
124.5142028243
124.5471954589
124.5801880934
124.6131807280
124.6461733625
124.6791659971
124.7121586317
124.7451512662
124.7781439008
124.8111365353
124.8441291699
124.8771218045
124.9101144390
124.9431070736
124.9760997081
125.0090923427
125.0420849772
125.0750776118
125.1080702464
125.1410628809
125.1740555155
125.2070481500
125.2400407846
125.2730334192
125.3060260537
125.3390186883
125.3720113228
125.4050039574
125.4379965919
125.4709892265
125.5039818611
125.5369744956
125.5699671302
125.6029597647
125.6359523993
125.6689450339
125.7019376684
125.7349303030
125.7679229375
125.8009155721
125.8339082067
125.8669008412
125.8998934758
125.9328861103
125.9658787449
125.9988713794
126.0318640140
126.0648566486
126.0978492831
126.1308419177
126.1638345522
126.1968271868
126.2298198214
126.2628124559
126.2958050905
126.3287977250
126.3617903596
126.3947829941
126.4277756287
126.4607682633
126.4937608978
126.5267535324
126.5597461669
126.5927388015
126.6257314361
126.6587240706
126.6917167052
126.7247093397
126.7577019743
126.7906946089
126.8236872434
126.8566798780
126.8896725125
126.9226651471
126.9556577816
126.9886504162
127.0216430508
127.0546356853
127.0876283199
127.1206209544
127.1536135890
127.1866062236
127.2195988581
127.2525914927
127.2855841272
127.3185767618
127.3515693963
127.3845620309
127.4175546655
127.4505473000
127.4835399346
127.5165325691
127.5495252037
127.5825178383
127.6155104728
127.6485031074
127.6814957419
127.7144883765
127.7474810111
127.7804736456
127.8134662802
127.8464589147
127.8794515493
127.9124441838
127.9454368184
127.9784294530
128.0114220875
128.0444147221
128.0774073566
128.1103999912
128.1433926258
128.1763852603
128.2093778949
128.2423705294
128.2753631640
128.3083557985
128.3413484331
128.3743410677
128.4073337022
128.4403263368
128.4733189713
128.5063116059
128.5393042405
128.5722968750
128.6052895096
128.6382821441
128.6712747787
128.7042674133
128.7372600478
128.7702526824
128.8032453169
128.8362379515
128.8692305860
128.9022232206
128.9352158552
128.9682084897
129.0012011243
129.0341937588
129.0671863934
129.1001790280
129.1331716625
129.1661642971
129.1991569316
129.2321495662
129.2651422008
129.2981348353
129.3311274699
129.3641201044
129.3971127390
129.4301053735
129.4630980081
129.4960906427
129.5290832772
129.5620759118
129.5950685463
129.6280611809
129.6610538155
129.6940464500
129.7270390846
129.7600317191
129.7930243537
129.8260169882
129.8590096228
129.8920022574
129.9249948919
129.9579875265
129.9909801610
130.0239727956
130.0569654302
130.0899580647
130.1229506993
130.1559433338
130.1889359684
130.2219286030
130.2549212375
130.2879138721
130.3209065066
130.3538991412
130.3868917757
130.4198844103
130.4528770449
130.4858696794
130.5188623140
130.5518549485
130.5848475831
130.6178402177
130.6508328522
130.6838254868
130.7168181213
130.7498107559
130.7828033904
130.8157960250
130.8487886596
130.8817812941
130.9147739287
130.9477665632
130.9807591978
131.0137518324
131.0467444669
131.0797371015
131.1127297360
131.1457223706
131.1787150052
131.2117076397
131.2447002743
131.2776929088
131.3106855434
131.3436781779
131.3766708125
131.4096634471
131.4426560816
131.4756487162
131.5086413507
131.5416339853
131.5746266199
131.6076192544
131.6406118890
131.6736045235
131.7065971581
131.7395897926
131.7725824272
131.8055750618
131.8385676963
131.8715603309
131.9045529654
131.9375456000
